buf 11 of 52 length=1792
0.012145996
0.0095825195
0.008056641
0.006134033
0.004333496
0.0030517578
0.0014648438
9.1552734E-5
-6.713867E-4
-0.001373291
-0.0020446777
-0.002960205
-0.003326416
-0.0034179688
-0.0029296875
-0.0026855469
-0.0021362305
-0.0018615723
-0.0014038086
-6.4086914E-4
9.1552734E-5
6.1035156E-4
8.239746E-4
0.0013122559
0.0013427734
9.1552734E-4
9.1552734E-4
0.0014343262
0.0011901855
0.0013427734
0.0012207031
0.0013427734
0.0020141602
0.0028076172
0.0024414062
0.0016479492
9.765625E-4
2.4414062E-4
-3.9672852E-4
-0.0015869141
-0.0026550293
-0.0026550293
-0.0033874512
-0.004760742
-0.0053710938
-0.006286621
-0.007751465
-0.007873535
-0.008331299
-0.008666992
-0.008605957
-0.008148193
-0.0073242188
-0.0073242188
-0.0064697266
-0.0058288574
-0.0050964355
-0.004425049
-0.003692627
-0.0029907227
-0.0021972656
-0.0014343262
-0.0012207031
-0.0013427734
-0.0012207031
-0.001373291
-0.0019226074
-0.001953125
-0.0018615723
-0.002166748
-0.003112793
-0.0033569336
-0.003326416
-0.0032958984
-0.0038757324
-0.0040893555
-0.004547119
-0.004760742
-0.005279541
-0.0053710938
-0.006286621
-0.0065307617
-0.006958008
-0.007446289
-0.0072631836
-0.0073547363
-0.007873535
-0.0074157715
-0.007293701
-0.007293701
-0.0062561035
-0.0059509277
-0.0056762695
-0.00491333
-0.004211426
-0.0039367676
-0.004058838
-0.0039367676
-0.004058838
-0.004547119
-0.0039978027
-0.0038452148
-0.0032043457
-0.0034179688
-0.0032348633
-0.0037231445
-0.004425049
-0.0051574707
-0.00579834
-0.006591797
-0.0072021484
-0.006652832
-0.007385254
-0.0073242188
-0.007293701
-0.0074157715
-0.006866455
-0.006500244
-0.006134033
-0.0058288574
-0.005432129
-0.0045166016
-0.004058838
-0.002960205
-0.0017700195
-7.9345703E-4
3.3569336E-4
0.0012817383
0.002532959
0.0030822754
0.0039367676
0.004547119
0.0047302246
0.0052490234
0.006134033
0.0065307617
0.006652832
0.006286621
0.005859375
0.0059509277
0.0058898926
0.0059509277
0.0053710938
0.0058288574
0.0059509277
0.0051574707
0.005432129
0.0049438477
0.0048828125
0.0053100586
0.005584717
0.0060424805
0.0058288574
0.0064697266
0.006591797
0.0065612793
0.007446289
0.007965088
0.008026123
0.007843018
0.008331299
0.008544922
0.009338379
0.010528564
0.010986328
0.011962891
0.012542725
0.012634277
0.012573242
0.012634277
0.012481689
0.011505127
0.011260986
0.010498047
0.009307861
0.008392334
0.0066223145
0.0048217773
0.0030517578
0.0011901855
-4.5776367E-4
-0.0014038086
-0.002532959
-0.0037231445
-0.0043640137
-0.0050354004
-0.0058288574
-0.00592041
-0.0053710938
-0.0051879883
-0.0054626465
-0.0057678223
-0.005279541
-0.0050354004
-0.0045776367
-0.004425049
-0.0034179688
-0.0033569336
-0.0028076172
-0.0026245117
-0.0027160645
-0.0018005371
-0.0013122559
-0.001159668
-3.6621094E-4
9.1552734E-5
-1.2207031E-4
4.272461E-4
7.019043E-4
6.1035156E-4
6.4086914E-4
6.4086914E-4
-6.1035156E-5
-6.713867E-4
-0.0016174316
-0.002960205
-0.0036010742
-0.004333496
-0.0050964355
-0.005279541
-0.0057373047
-0.0059814453
-0.006439209
-0.0066223145
-0.0064697266
-0.00579834
-0.0050964355
-0.0043640137
-0.003753662
-0.002532959
-0.0014343262
-8.239746E-4
-6.1035156E-4
-1.2207031E-4
6.1035156E-5
-0.0
7.324219E-4
5.493164E-4
7.324219E-4
3.6621094E-4
-3.3569336E-4
-0.0010681152
-0.001739502
-0.002532959
-0.0038452148
-0.004699707
-0.005279541
-0.0061035156
-0.0065612793
-0.006591797
-0.0064697266
-0.0069274902
-0.0074768066
-0.0071411133
-0.008361816
-0.008666992
-0.009155273
-0.009307861
-0.009216309
-0.009277344
-0.009216309
-0.009246826
-0.009246826
-0.009216309
-0.009307861
-0.008758545
-0.008575439
-0.008056641
-0.008544922
-0.008575439
-0.007873535
-0.008056641
-0.007751465
-0.007171631
-0.007751465
-0.0076293945
-0.0072021484
-0.0074157715
-0.0072631836
-0.0074157715
-0.007873535
-0.007293701
-0.0073547363
-0.0072631836
-0.007598877
-0.008056641
-0.007904053
-0.008026123
-0.007507324
-0.0066223145
-0.0059509277
-0.0058898926
-0.0059814453
-0.0057678223
-0.005126953
-0.004119873
-0.0029296875
-0.0022888184
-0.0014343262
-8.239746E-4
-6.1035156E-5
5.79834E-4
0.0019836426
0.0034484863
0.0040893555
0.004852295
0.0054626465
0.0063171387
0.0065307617
0.007019043
0.0074157715
0.0077209473
0.008666992
0.008514404
0.008056641
0.0078125
0.0072021484
0.0061950684
0.0059814453
0.005584717
0.005218506
0.0053100586
0.005279541
0.005279541
0.0053100586
0.0051879883
0.004699707
0.005340576
0.005340576
0.0063476562
0.0064697266
0.007019043
0.0073547363
0.0077209473
0.008544922
0.009765625
0.011291504
0.011993408
0.012786865
0.013366699
0.014190674
0.01473999
0.015655518
0.015777588
0.016418457
0.016082764
0.015136719
0.014556885
0.013763428
0.012359619
0.01083374
0.009460449
0.008026123
0.006591797
0.0050354004
0.004180908
0.0030212402
0.0018920898
0.0014038086
0.0010986328
7.324219E-4
4.8828125E-4
0.0010070801
9.460449E-4
9.1552734E-4
0.0013122559
0.0016784668
0.0020141602
0.0018920898
0.0019226074
0.001953125
0.0018615723
0.002105713
0.0027160645
0.00289917
0.0034484863
0.0032653809
0.0033874512
0.003326416
0.0028686523
0.0019226074
0.0013427734
0.0012207031
0.001373291
0.0010375977
6.713867E-4
3.9672852E-4
-3.0517578E-4
-0.0014343262
-0.0025024414
-0.003692627
-0.0046691895
-0.0051879883
-0.0060424805
-0.0066223145
-0.0076293945
-0.0077819824
-0.0072021484
-0.0074157715
-0.0069274902
-0.006011963
-0.00592041
-0.0054016113
-0.005218506
-0.0046691895
-0.0045776367
-0.0038146973
-0.0031738281
-0.0022888184
-0.0018920898
-0.0018615723
-0.0024414062
-0.002746582
-0.0031738281
-0.0033874512
-0.003967285
-0.004699707
-0.0046691895
-0.005432129
-0.005126953
-0.005645752
-0.0058898926
-0.0063171387
-0.0066223145
-0.0070495605
-0.008026123
-0.007873535
-0.008758545
-0.008361816
-0.008148193
-0.008575439
-0.008880615
-0.009277344
-0.009613037
-0.010040283
-0.00982666
-0.009979248
-0.009246826
-0.009246826
-0.008483887
-0.00793457
-0.0079956055
-0.0078125
-0.0068359375
-0.0065612793
-0.0061950684
-0.0054016113
-0.0047302246
-0.0046081543
-0.005279541
-0.0053100586
-0.006011963
-0.0058288574
-0.006164551
-0.006652832
-0.006439209
-0.007080078
-0.0073242188
-0.007843018
-0.0068359375
-0.006378174
-0.006072998
-0.006500244
-0.0067443848
-0.0074768066
-0.0069885254
-0.0062561035
-0.0051574707
-0.004119873
-0.0030517578
-0.0018920898
-7.9345703E-4
8.239746E-4
0.0020141602
0.003753662
0.00491333
0.0066833496
0.0075683594
0.0087890625
0.009674072
0.010955811
0.011260986
0.011199951
0.011871338
0.011291504
0.011993408
0.0121154785
0.01272583
0.012512207
0.0126953125
0.012176514
0.0119018555
0.012023926
0.0119018555
0.012023926
0.0119018555
0.012023926
0.01184082
0.012268066
0.012390137
0.011810303
0.012054443
0.011871338
0.012023926
0.011871338
0.012054443
0.01184082
0.012176514
0.012481689
0.013061523
0.013977051
0.014099121
0.014953613
0.015655518
0.015899658
0.015808105
0.015838623
0.015197754
0.015106201
0.014373779
0.013671875
0.013031006
0.011993408
0.010375977
0.009155273
0.0070495605
0.0054626465
0.003540039
0.0025939941
0.0019226074
0.0010375977
-3.6621094E-4
-0.0016174316
-0.002166748
-0.0032043457
-0.0032348633
-0.0038757324
-0.0035095215
-0.0032348633
-0.0033874512
-0.0032958984
-0.0033569336
-0.0032958984
-0.0033569336
-0.0032958984
-0.0033569336
-0.0032958984
-0.003326416
-0.003326416
-0.0028381348
-0.0018920898
-0.0019836426
-0.0018005371
-0.0012512207
-0.0012817383
-0.0013122559
-0.0011901855
-0.0016784668
-0.001953125
-0.0024108887
-0.0032958984
-0.0038757324
-0.0047302246
-0.005279541
-0.006225586
-0.0075683594
-0.008178711
-0.008911133
-0.009643555
-0.010009766
-0.009857178
-0.0099487305
-0.009887695
-0.009338379
-0.009124756
-0.008575439
-0.007598877
-0.0062561035
-0.0056762695
-0.00491333
-0.0043029785
-0.0034484863
-0.003326416
-0.0028076172
-0.0026550293
-0.0026855469
-0.0027160645
-0.0035095215
-0.004211426
-0.0048828125
-0.0056152344
-0.006225586
-0.0072021484
-0.0067749023
-0.0070495605
-0.008026123
-0.009155273
-0.010131836
-0.011383057
-0.012054443
-0.011871338
-0.012023926
-0.011871338
-0.0121154785
-0.0113220215
-0.011779785
-0.012023926
-0.011932373
-0.011932373
-0.011047363
-0.010406494
-0.009674072
-0.008972168
-0.008239746
-0.0075683594
-0.00680542
-0.0059814453
-0.00592041
-0.0053100586
-0.005279541
-0.005218506
-0.004547119
-0.004699707
-0.004425049
-0.0036010742
-0.0032653809
-0.0033874512
-0.0032653809
-0.0033569336
-0.0032653809
-0.0033874512
-0.0032653809
-0.0034179688
-0.0031738281
-0.0037231445
-0.003692627
-0.0035705566
-0.004211426
-0.0034179688
-0.0032958984
-0.0033569336
-0.0026550293
-0.0018920898
-0.0010375977
2.1362305E-4
8.8500977E-4
0.0014953613
0.0026550293
0.0038452148
0.0043945312
0.0051879883
0.0058288574
0.0065612793
0.008026123
0.008605957
0.008728027
0.0093688965
0.009155273
0.0095825195
0.010040283
0.009765625
0.010498047
0.010009766
0.009918213
0.009185791
0.008636475
0.008422852
0.007965088
0.007873535
0.008361816
0.008270264
0.008239746
0.008758545
0.008483887
0.00869751
0.008544922
0.008636475
0.0078125
0.008148193
0.007598877
0.007598877
0.0079956055
0.008300781
0.009063721
0.010284424
0.011199951
0.011932373
0.012634277
0.012634277
0.013458252
0.013946533
0.013793945
0.014038086
0.013122559
0.0121154785
0.010986328
0.009307861
0.008636475
0.0064697266
0.0051879883
0.004425049
0.0028381348
0.0014648438
-9.1552734E-5
-9.765625E-4
-0.0021972656
-0.0032653809
-0.0038452148
-0.0046081543
-0.005279541
-0.005279541
-0.0052490234
-0.004333496
-0.004058838
-0.0036621094
-0.0032958984
-0.002960205
-0.0025634766
-0.0027770996
-0.0019836426
-0.0025939941
-0.002746582
-0.0025939941
-0.0028076172
-0.0023498535
-0.0019226074
-0.0015869141
-0.0012207031
-0.0012512207
-0.0017700195
-0.001953125
-0.0025939941
-0.0033569336
-0.0033569336
-0.004211426
-0.004760742
-0.00579834
-0.007019043
-0.007659912
-0.008453369
-0.008636475
-0.008575439
-0.009185791
-0.008666992
-0.008514404
-0.00793457
-0.007904053
-0.0068969727
-0.0066223145
-0.0059509277
-0.0047302246
-0.004272461
-0.0033874512
-0.0028076172
-0.0018615723
-5.79834E-4
6.1035156E-5
-3.0517578E-5
3.0517578E-5
-3.0517578E-5
3.0517578E-5
-3.0517578E-5
3.0517578E-5
-3.0517578E-5
3.0517578E-5
-6.1035156E-5
-0.0012512207
-0.001373291
-0.002105713
-0.0029296875
-0.0035705566
-0.0043640137
-0.0049743652
-0.00579834
-0.0058898926
-0.0064697266
-0.006591797
-0.0073242188
-0.008056641
-0.00869751
-0.008483887
-0.00894165
-0.008972168
-0.0087890625
-0.009490967
-0.008666992
-0.008666992
-0.0079956055
-0.0073547363
-0.007293701
-0.0073547363
-0.007293701
-0.007385254
-0.007019043
-0.0064086914
-0.0066833496
-0.0060424805
-0.0058898926
-0.00592041
-0.005340576
-0.0058898926
-0.0059509277
-0.0058898926
-0.006072998
-0.0069274902
-0.0074157715
-0.0072021484
-0.0077819824
-0.008026123
-0.00793457
-0.007965088
-0.0073242188
-0.0073547363
-0.007293701
-0.007385254
-0.007080078
-0.0061950684
-0.0056152344
-0.0045166016
-0.0029296875
-0.0020751953
-7.324219E-4
6.1035156E-4
0.0021362305
0.0034179688
0.0043640137
0.005554199
0.0064697266
0.007904053
0.007873535
0.008453369
0.008666992
0.008544922
0.009246826
0.009216309
0.009277344
0.009185791
0.009338379
0.00894165
0.008575439
0.008544922
0.009094238
0.00881958
0.008483887
0.008666992
0.008544922
0.008636475
0.008575439
0.008636475
0.008575439
0.008636475
0.008544922
0.008972168
0.009796143
0.0099487305
0.009887695
0.0099487305
0.010620117
0.0113220215
0.012298584
0.013641357
0.013824463
0.014221191
0.0146484375
0.014404297
0.015106201
0.01461792
0.013885498
0.013153076
0.011779785
0.010986328
0.009338379
0.008361816
0.0072631836
0.0060424805
0.0055236816
0.004760742
0.0035705566
0.0025939941
0.0019836426
0.0010986328
6.713867E-4
5.493164E-4
9.460449E-4
0.0012817383
0.0015869141
0.0020751953
0.0018005371
0.0026245117
0.0026550293
0.0033874512
0.0039978027
0.004058838
0.00390625
0.004272461
0.004638672
0.0049743652
0.005340576
0.0056152344
0.0065612793
0.0065307617
0.006591797
0.006500244
0.00579834
0.005126953
0.0043640137
0.003967285
0.003753662
0.0028381348
0.0022583008
8.544922E-4
9.1552734E-5
-0.0012512207
-0.0027160645
-0.0034484863
-0.0040283203
-0.004119873
-0.0049743652
-0.005340576
-0.005218506
-0.0053710938
-0.004760742
-0.0046081543
-0.0040893555
-0.0032958984
-0.0025939941
-0.0017700195
-0.0010986328
-3.9672852E-4
3.3569336E-4
7.324219E-4
5.493164E-4
0.0011291504
0.0013427734
0.0012512207
7.019043E-4
-1.2207031E-4
-6.713867E-4
-0.0016479492
-0.0031738281
-0.0044555664
-0.0045776367
-0.005065918
-0.0052490234
-0.006225586
-0.0073242188
-0.007904053
-0.00869751
-0.009307861
-0.010131836
-0.0105896
-0.010681152
-0.01171875
-0.011932373
-0.012390137
-0.0126953125
-0.012084961
-0.011199951
-0.0105896
-0.010437012
-0.009918213
-0.009735107
-0.009155273
-0.009094238
-0.008087158
-0.008026123
-0.0074768066
-0.007293701
-0.0073242188
-0.0073547363
-0.0072631836
-0.0074157715
-0.0070495605
-0.006713867
-0.007507324
-0.007171631
-0.0077819824
-0.0079956055
-0.007904053
-0.008514404
-0.008636475
-0.008575439
-0.008605957
-0.008605957
-0.008605957
-0.008575439
-0.008636475
-0.008300781
-0.0074157715
-0.0073547363
-0.0066833496
-0.0059509277
-0.0051879883
-0.00390625
-0.0030822754
-0.0014343262
-3.3569336E-4
2.746582E-4
0.0010681152
0.0016174316
0.0029907227
0.0039367676
0.0046081543
0.004638672
0.0054016113
0.0058898926
0.006134033
0.0065612793
0.0068969727
0.007385254
0.0076293945
0.008087158
0.007873535
0.008026123
0.009094238
0.0093688965
0.009887695
0.0099487305
0.009887695
0.0099487305
0.009887695
0.0099487305
0.00982666
0.010467529
0.010040283
0.010437012
0.010650635
0.011230469
0.012176514
0.0126953125
0.013763428
0.014923096
0.015472412
0.01675415
0.017822266
0.018371582
0.019165039
0.019744873
0.019866943
0.019683838
0.018981934
0.018249512
0.01763916
0.016479492
0.014953613
0.013580322
0.012207031
0.010681152
0.009246826
0.0078125
0.0063476562
0.00491333
0.0035705566
0.0019836426
8.8500977E-4
2.1362305E-4
-6.1035156E-5
3.0517578E-5
-3.0517578E-5
3.0517578E-5
6.713867E-4
0.0013427734
0.0012512207
0.0013122559
0.0012512207
0.0013122559
0.0012817383
0.0012817383
0.0016784668
0.0026550293
0.0026550293
0.002746582
0.002532959
0.0019226074
0.0017700195
0.0011901855
0.0013427734
0.0012207031
0.0014038086
7.6293945E-4
6.713867E-4
-4.8828125E-4
-0.0013427734
-0.0028076172
-0.0042419434
-0.0056762695
-0.006866455
-0.0076904297
-0.007965088
-0.008300781
-0.008728027
-0.008514404
-0.009216309
-0.008636475
-0.008575439
-0.008605957
-0.007598877
-0.0062561035
-0.005706787
-0.00491333
-0.0043029785
-0.0034484863
-0.0033569336
-0.0027770996
-0.0026550293
-0.0018920898
-0.0013122559
-0.0020141602
-0.0018310547
-0.002166748
-0.003112793
-0.0032958984
-0.0037231445
-0.004486084
-0.0056762695
-0.006591797
-0.007293701
-0.008026123
-0.007965088
-0.008911133
-0.009216309
-0.009490967
-0.010314941
-0.010925293
-0.011749268
-0.012481689
-0.013183594
-0.013885498
-0.013885498
-0.013885498
-0.013885498
-0.013885498
-0.013885498
-0.013885498
-0.013916016
-0.0134887695
-0.0126953125
-0.012084961
-0.011871338
-0.011291504
-0.011047363
-0.010559082
-0.010406494
-0.009796143
-0.010040283
-0.009490967
-0.009216309
-0.00881958
-0.0079956055
-0.00793457
-0.0079956055
-0.00793457
-0.008026123
-0.007843018
-0.008270264
-0.008392334
-0.007843018
-0.008026123
-0.00793457
-0.007537842
-0.0065612793
-0.006591797
-0.00579834
-0.0052490234
-0.004272461
-0.0030822754
-0.002166748
-5.187988E-4
4.5776367E-4
0.0010070801
0.0024108887
0.0032653809
0.004547119
0.0059814453
0.006652832
0.0074768066
0.008178711
0.008666992
0.008575439
0.008636475
0.008575439
0.008605957
0.008605957
0.008605957
0.008605957
0.008636475
0.008514404
0.007843018
0.008117676
0.0075683594
0.007598877
0.0077819824
0.0065307617
0.007232666
0.0073242188
0.0073547363
0.0072631836
0.0074768066
0.007965088
0.008148193
0.008728027
0.008483887
0.008972168
0.00970459
0.010437012
0.011077881
0.012542725
0.0132751465
0.014007568
0.014587402
0.01449585
0.014556885
0.01449585
0.014556885
0.01449585
0.014587402
0.0134887695
0.011993408
0.009918213
0.008422852
0.0070495605
0.005493164
0.0041503906
0.0026550293
0.001159668
1.2207031E-4
-3.9672852E-4
-0.0012512207
-0.0018005371
-0.0027770996
-0.002532959
-0.0019836426
-0.0017089844
-0.0013122559
-0.0010070801
-6.1035156E-4
-3.0517578E-4
1.2207031E-4
-9.1552734E-5
6.1035156E-5
-6.1035156E-5
6.1035156E-5
-3.0517578E-5
3.0517578E-5
-3.0517578E-5
6.1035156E-5
-9.1552734E-5
3.3569336E-4
0.0011291504
0.0013427734
0.0012207031
7.6293945E-4
4.8828125E-4
1.2207031E-4
-3.0517578E-4
-0.0014648438
-0.0024414062
-0.003753662
-0.0043029785
-0.0050964355
-0.0057373047
-0.0064697266
-0.0072631836
-0.0079956055
-0.008666992
-0.009399414
-0.010009766
-0.009857178
-0.010009766
-0.009521484
-0.009216309
-0.008880615
-0.0079956055
-0.0074768066
-0.0058898926
-0.004638672
-0.0038452148
-0.0032348633
-0.002319336
-0.001953125
-0.0015869141
-0.0012512207
-9.1552734E-4
-5.187988E-4
-7.019043E-4
-0.001159668
-0.0014038086
-0.001953125
-0.002960205
-0.0032653809
-0.0035705566
-0.004333496
-0.005004883
-0.005706787
-0.0064086914
-0.007171631
-0.007965088
-0.007904053
-0.0073242188
-0.007293701
-0.0073547363
-0.007232666
-0.0076293945
-0.0078125
-0.0066833496
-0.0065612793
-0.0065307617
-0.0066223145
-0.0058898926
-0.006011963
-0.0065307617
-0.006652832
-0.006286621
-0.00592041
-0.0056152344
-0.0051879883
-0.0053100586
-0.005279541
-0.0052490234
-0.0058898926
-0.0058898926
-0.0060424805
-0.0064697266
-0.00592041
-0.007019043
-0.0073242188
-0.0073242188
-0.0072631836
-0.0077819824
-0.008056641
-0.007904053
-0.008666992
-0.008483887
-0.007904053
-0.0069885254
-0.006591797
-0.006286621
-0.0058288574
-0.0056762695
-0.0042419434
-0.003479004
-0.0020446777
-0.0012512207
-6.1035156E-4
1.2207031E-4
8.239746E-4
0.0014953613
0.0022583008
0.0030517578
0.0037231445
0.0044555664
0.0051574707
0.005859375
0.0059509277
0.0065307617
0.006591797
0.006500244
0.0067749023
0.0074768066
0.0072021484
0.0074768066
0.0067443848
0.0065307617
0.0065307617
0.006591797
0.007232666
0.0074768066
0.007904053
0.008178711
0.008605957
0.008850098
0.009399414
0.0087890625
0.008544922
0.008666992
0.008514404
0.009338379
0.010498047
0.010772705
0.012237549
0.01260376
0.012756348
0.01373291
0.013824463
0.014343262
0.014556885
0.01449585
0.015106201
0.014556885
0.014434814
0.01373291
0.012908936
0.011291504
0.009979248
0.008056641
0.0063476562
0.0044555664
0.0028076172
0.001373291
6.1035156E-4
-1.2207031E-4
-6.4086914E-4
-8.239746E-4
-0.0013122559
-0.0014953613
-0.0020751953
-0.0018310547
-0.0019836426
-0.0018615723
-0.0014343262
-0.001159668
-7.324219E-4
-4.8828125E-4
-0.0
1.5258789E-4
0.0010375977
0.0012817383
0.0015869141
0.002532959
0.0031738281
0.003967285
0.0045776367
0.004699707
0.0045776367
0.004760742
0.0043640137
0.0040283203
0.0036621094
0.0032958984
0.0029296875
0.0026245117
0.0021362305
0.0018005371
7.324219E-4
-2.1362305E-4
-0.0015563965
-0.0030822754
-0.0032653809
-0.0034484863
-0.0029296875
-0.0026245117
-0.002746582
-0.0020751953
-0.0018310547
-0.0014038086
-0.0011291504
-6.1035156E-4
3.0517578E-4
5.493164E-4
9.765625E-4
0.0012512207
0.0016784668
0.001953125
0.0024719238
0.0027770996
0.0018920898
0.0019226074
0.0010986328
5.493164E-4
-3.3569336E-4
-6.1035156E-4
-9.765625E-4
-0.0013427734
-0.0015869141
-0.0026245117
-0.0031738281
-0.0040283203
-0.0046081543
-0.0054626465
-0.0058898926
-0.006072998
-0.006866455
-0.0076904297
-0.008026123
-0.007904053
-0.008453369
-0.008666992
-0.009094238
-0.0093688965
-0.00982666
-0.010040283
-0.009674072
-0.009246826
-0.008972168
-0.008514404
-0.008666992
-0.008575439
-0.008636475
-0.008575439
-0.008636475
-0.008514404
-0.00793457
-0.007965088
-0.007965088
-0.00793457
-0.0079956055
-0.00793457
-0.0079956055
-0.00793457
-0.0079956055
-0.007904053
-0.008026123
-0.007873535
-0.008117676
-0.0076293945
-0.007598877
-0.007751465
-0.0071411133
-0.0074768066
-0.0066833496
-0.0065307617
-0.006011963
-0.0058288574
-0.005279541
-0.004333496
-0.003112793
-0.0022583008
-5.187988E-4
3.0517578E-4
0.0014648438
0.0025634766
0.0031738281
0.003967285
0.004638672
0.005340576
0.0060424805
0.0066223145
0.0065307617
0.006591797
0.0065307617
0.0066223145
0.0061035156
0.005859375
0.0059814453
0.005859375
0.0059814453
0.00579834
0.0052490234
0.0053100586
0.005279541
0.005279541
0.0052490234
0.0053100586
0.005218506
0.005859375
0.005340576
0.00592041
0.006591797
0.006652832
0.007598877
0.008148193
0.008972168
0.009521484
0.010772705
0.011810303
0.012969971
0.01449585
0.015136719
0.015991211
0.016571045
0.016601562
0.016479492
0.01675415
0.015838623
0.014709473
0.013671875
0.012634277
0.011444092
0.00982666
0.008575439
0.007080078
0.0065307617
0.0054016113
0.0043945312
0.0033569336
0.0021362305
0.0014953613
7.6293945E-4
6.1035156E-5
-3.0517578E-5
3.0517578E-5
7.324219E-4
5.493164E-4
8.8500977E-4
0.0012512207
0.0015869141
0.0019836426
0.001953125
0.0014648438
0.0012207031
0.0013122559
6.4086914E-4
6.1035156E-4
7.324219E-4
0.001373291
0.0012207031
0.0013427734
0.0012207031
0.001373291
7.9345703E-4
6.4086914E-4
9.1552734E-5
-3.0517578E-5
-7.019043E-4
-0.0013427734
-0.0022583008
-0.0036315918
-0.0044555664
-0.0058288574
-0.0058288574
-0.006378174
-0.0066223145
-0.0065307617
-0.007293701
-0.0073242188
-0.0073242188
-0.007293701
-0.0073547363
-0.0071105957
-0.006134033
-0.00592041
-0.005584717
-0.004699707
-0.0046691895
-0.0040283203
-0.0033569336
-0.0032348633
-0.0026245117
-0.0027160645
-0.0026550293
-0.0027160645
-0.0026550293
-0.0027160645
-0.0026245117
-0.0032043457
-0.0033569336
-0.003967285
-0.0047302246
-0.0053710938
-0.0061035156
-0.0067749023
-0.0076904297
-0.007965088
-0.008270264
-0.009094238
-0.009765625
-0.010009766
-0.010406494
-0.010070801
-0.010406494
-0.009918213
-0.009887695
-0.009979248
-0.009796143
-0.010406494
-0.0101623535
-0.009857178
-0.009399414
-0.009155273
-0.009307861
-0.009185791
-0.009338379
-0.009033203
-0.008544922
-0.008636475
-0.008575439
-0.008636475
-0.008575439
-0.008636475
-0.008575439
-0.008666992
-0.009216309
-0.0093688965
-0.009979248
-0.010009766
-0.010955811
-0.011199951
-0.011260986
-0.0107421875
-0.010498047
-0.0105896
-0.0099487305
-0.009857178
-0.009155273
-0.008422852
-0.0078125
-0.0067749023
-0.005218506
-0.0038757324
-0.002380371
-8.8500977E-4
3.9672852E-4
0.0025939941
0.0039978027
0.004760742
0.0053710938
0.006225586
0.006500244
0.0069274902
0.007385254
0.0076293945
0.008544922
0.008575439
0.009185791
0.009307861
0.009918213
0.009918213
0.009918213
0.009918213
0.009918213
0.009918213
0.009918213
0.009887695
0.0099487305
0.009307861
0.008636475
0.008544922
0.00793457
0.007965088
0.0079956055
0.007873535
0.008331299
0.008605957
0.009002686
0.009307861
0.00970459
0.010620117
0.011108398
0.0113220215
0.012054443
0.012969971
0.014312744
0.014465332
0.014923096
0.014892578
0.013946533
0.013427734
0.012573242
0.012023926
0.010986328
0.009796143
0.00894165
0.0074157715
0.0059509277
0.0045776367
0.0031738281
0.0016174316
7.324219E-4
-4.5776367E-4
-0.0013427734
-0.0012207031
-0.0014038086
-0.0019836426
-0.0018920898
-0.0019836426
-0.0016174316
-0.001159668
-0.001373291
-0.0011901855
-0.0018920898
-0.0019226074
-0.0027160645
-0.0025634766
-0.0018920898
-0.0018005371
-9.765625E-4
-3.6621094E-4
4.5776367E-4
7.019043E-4
6.1035156E-4
6.713867E-4
6.1035156E-4
7.019043E-4
0.0012817383
0.0013122559
0.001159668
3.3569336E-4
-2.4414062E-4
-0.0013427734
-0.0025024414
-0.003112793
-0.0039367676
-0.0045166016
-0.0059509277
-0.006500244
-0.006713867
-0.007385254
-0.0073242188
-0.007293701
-0.0074157715
-0.0068359375
-0.006500244
