buf 25 of 52 length=1792
0.0065307617
0.0059509277
0.00579834
0.0052490234
0.0051879883
0.0042419434
0.004058838
0.0036010742
0.0032958984
0.00289917
0.0025939941
0.0020751953
0.0017700195
0.0013427734
0.0011901855
0.0014953613
0.0020141602
0.0018005371
0.002380371
0.0027160645
0.0030822754
0.0034484863
0.0032348633
0.0034179688
0.0032043457
0.0026550293
0.0027160645
0.0025024414
0.0015258789
0.0012512207
0.0013122559
8.544922E-4
5.187988E-4
7.324219E-4
5.187988E-4
1.2207031E-4
-2.1362305E-4
-5.79834E-4
-9.1552734E-4
-0.0012512207
-0.0016479492
-0.0016479492
-0.0011291504
-0.0014038086
-0.0011901855
-0.001373291
-0.0018005371
-0.0013122559
-0.0012207031
-0.001373291
-0.0010070801
-5.79834E-4
-6.713867E-4
-6.4086914E-4
-6.4086914E-4
-6.4086914E-4
-6.1035156E-4
-7.019043E-4
-0.0012817383
-0.0012817383
-0.0012817383
-0.0012817383
-0.0012512207
-0.0013122559
-0.0012207031
-0.0017089844
-0.0025939941
-0.0027160645
-0.0032653809
-0.0034179688
-0.0040893555
-0.004852295
-0.005432129
-0.0063171387
-0.006500244
-0.007019043
-0.007385254
-0.007751465
-0.008087158
-0.008453369
-0.008758545
-0.009124756
-0.008575439
-0.008605957
-0.008636475
-0.008575439
-0.008636475
-0.008575439
-0.008636475
-0.008575439
-0.008636475
-0.008544922
-0.00793457
-0.0072021484
-0.0074768066
-0.0069274902
-0.0068359375
-0.0074768066
-0.007232666
-0.007385254
-0.007293701
-0.0073547363
-0.007293701
-0.0073547363
-0.0073242188
-0.0073242188
-0.0073547363
-0.007080078
-0.0063171387
-0.007171631
-0.0068359375
-0.006439209
-0.007293701
-0.0066223145
-0.0064697266
-0.00592041
-0.005859375
-0.0049743652
-0.004638672
-0.0044555664
-0.0032043457
-0.0020751953
-0.0014953613
-6.713867E-4
-1.2207031E-4
7.6293945E-4
0.0011901855
0.0014953613
0.0018615723
0.0022583008
0.0026855469
0.0030212402
0.0034179688
0.0032653809
0.0033569336
0.0027770996
0.0032043457
0.002746582
0.0025024414
0.0019226074
0.001739502
0.001159668
0.0014038086
8.544922E-4
5.79834E-4
6.713867E-4
6.4086914E-4
6.4086914E-4
7.019043E-4
0.0012512207
4.8828125E-4
8.8500977E-4
0.0013427734
0.0012207031
0.0016174316
0.0024414062
0.0032348633
0.003326416
0.0039367676
0.0040283203
0.004699707
0.004547119
0.0048828125
0.005279541
0.005554199
0.006011963
0.0058898926
0.005493164
0.0051574707
0.0053710938
0.0051879883
0.0053710938
0.0051879883
0.0054016113
0.0049743652
0.0046691895
0.004272461
0.003967285
0.0036010742
0.0027160645
0.0026855469
0.0026855469
0.0026855469
0.0027160645
0.0026245117
0.00289917
0.0033874512
0.0032958984
0.0032958984
0.003753662
0.0040893555
0.0039367676
0.004058838
0.0045776367
0.004699707
0.004547119
0.004852295
0.005340576
0.0052490234
0.005279541
0.0053100586
0.0048217773
0.004547119
0.0047302246
0.00390625
0.004119873
0.003753662
0.003540039
0.0038757324
0.0031738281
0.0034484863
0.0029296875
0.0021362305
0.001373291
7.324219E-4
-3.0517578E-5
6.1035156E-5
-1.2207031E-4
-7.019043E-4
-6.1035156E-4
-6.713867E-4
-6.4086914E-4
-6.4086914E-4
-6.4086914E-4
-6.4086914E-4
-6.4086914E-4
-6.4086914E-4
-6.4086914E-4
-6.4086914E-4
-6.1035156E-4
-7.6293945E-4
-0.0016174316
-0.001953125
-0.0018920898
-0.0019226074
-0.0019226074
-0.0019226074
-0.0019226074
-0.0026855469
-0.0027160645
-0.003540039
-0.0039978027
-0.004180908
-0.0049743652
-0.0056152344
-0.0063476562
-0.0071411133
-0.007385254
-0.0072631836
-0.0073547363
-0.0072631836
-0.007385254
-0.007232666
-0.0075683594
-0.008056641
-0.00793457
-0.0079956055
-0.00793457
-0.0079956055
-0.00793457
-0.0079956055
-0.007904053
-0.008056641
-0.007751465
-0.0073547363
-0.007019043
-0.006439209
-0.0066223145
-0.0065307617
-0.0065307617
-0.0072021484
-0.006713867
-0.0064697266
-0.0066223145
-0.006500244
-0.006652832
-0.006439209
-0.006958008
-0.0074157715
-0.0072631836
-0.007385254
-0.0066833496
-0.006500244
-0.006591797
-0.005859375
-0.006072998
-0.006591797
-0.0065307617
-0.0065612793
-0.006591797
-0.0062561035
-0.005340576
-0.0053100586
-0.004699707
-0.0040283203
-0.0032348633
-0.0027160645
-0.002532959
-0.0017089844
-9.765625E-4
-3.9672852E-4
7.9345703E-4
0.0017700195
0.002532959
0.0027160645
0.0026855469
0.0032958984
0.0034179688
0.0040283203
0.0039978027
0.003967285
0.004058838
0.0036315918
0.0032043457
0.0034484863
0.002746582
0.0026855469
0.0019226074
0.001953125
0.0018310547
0.002166748
0.0027160645
0.0029296875
0.0034484863
0.0032043457
0.0037841797
0.004547119
0.004638672
0.0052490234
0.0059814453
0.0066833496
0.0074768066
0.0082092285
0.008666992
0.008544922
0.008636475
0.008544922
0.009124756
0.009277344
0.00982666
0.009979248
0.009857178
0.009979248
0.009857178
0.010009766
0.009552002
0.009216309
0.00894165
0.0079956055
0.0079956055
0.0073547363
0.0073547363
0.007232666
0.0065307617
0.0064697266
0.005584717
0.005279541
0.005004883
0.0041503906
0.003967285
0.0040283203
0.0034179688
0.0032653809
0.0034179688
0.004058838
0.0039367676
0.004211426
0.0047302246
0.0045776367
0.0046691895
0.0046081543
0.004638672
0.005126953
0.0053710938
0.00579834
0.0053100586
0.0051574707
0.0043945312
0.003753662
0.0029296875
0.0027160645
0.0022277832
0.0018005371
0.0020141602
0.0018615723
0.0013427734
0.0012512207
0.0012512207
4.272461E-4
0.0010375977
0.0010070801
5.493164E-4
7.019043E-4
6.1035156E-4
6.713867E-4
6.1035156E-5
-6.4086914E-4
-6.1035156E-4
-7.6293945E-4
-0.0013427734
-0.0012512207
-0.0013122559
-0.0012512207
-0.0013122559
-0.0012207031
-0.0018005371
-0.001953125
-0.0019226074
-0.0026855469
-0.002746582
-0.0034484863
-0.0031738281
-0.0036621094
-0.003967285
-0.0043640137
-0.004699707
-0.0050354004
-0.00592041
-0.0058898926
-0.006591797
-0.006500244
-0.006713867
-0.007537842
-0.0082092285
-0.008972168
-0.009307861
-0.009185791
-0.009277344
-0.009216309
-0.009307861
-0.009185791
-0.0093688965
-0.00982666
-0.009155273
-0.009307861
-0.009033203
-0.008148193
-0.0079956055
-0.007507324
-0.0072631836
-0.006713867
-0.0064697266
-0.006591797
-0.0057678223
-0.0061950684
-0.006378174
-0.0058288574
-0.0059814453
-0.0058898926
-0.0059509277
-0.0058898926
-0.0059814453
-0.005279541
-0.0053100586
-0.0051574707
-0.0046081543
-0.0046081543
-0.0047302246
-0.0043029785
-0.0039978027
-0.0036010742
-0.0032653809
-0.0028686523
-0.0025939941
-0.0020141602
-0.0018310547
-0.0011901855
-4.5776367E-4
2.4414062E-4
9.1552734E-4
0.0017089844
0.0018920898
0.0024414062
0.002746582
0.0031738281
0.0040283203
0.0040283203
0.005554199
0.0058288574
0.0061950684
0.006378174
0.0057373047
0.006072998
0.0054016113
0.005279541
0.0052490234
0.004760742
0.004486084
0.0040893555
0.0037841797
0.0033569336
0.0030517578
0.0026855469
0.0022888184
0.0018005371
0.001953125
0.0024719238
0.0028076172
0.0025634766
0.0028381348
0.0032958984
0.0033874512
0.0032043457
0.0036621094
0.0040283203
0.004333496
0.0051574707
0.00579834
0.0059814453
0.005859375
0.0059814453
0.005859375
0.0059814453
0.0058288574
0.006225586
0.006652832
0.0064697266
0.0070495605
0.0074768066
0.006591797
0.006011963
0.0057678223
0.0053710938
0.0050354004
0.004699707
0.004333496
0.0040283203
0.0036010742
0.0032958984
0.0028686523
0.0026245117
0.0020446777
0.0012512207
0.0012512207
6.1035156E-4
0.0015258789
8.544922E-4
9.460449E-4
0.0012817383
0.0016479492
0.0020141602
0.0018615723
0.001953125
0.0019226074
0.0019226074
0.001953125
0.0018920898
0.0020141602
0.0016174316
0.0012817383
9.1552734E-4
5.79834E-4
2.1362305E-4
-1.2207031E-4
9.1552734E-5
-7.6293945E-4
-0.0012817383
-0.0022277832
-0.0026550293
-0.002960205
-0.0033874512
-0.0032958984
-0.003326416
-0.003326416
-0.003326416
-0.0033569336
-0.0032958984
-0.0034484863
-0.0039367676
-0.0031738281
-0.0036315918
-0.004058838
-0.0039367676
-0.0040893555
-0.003479004
-0.0032958984
-0.0028076172
-0.0025939941
-0.001953125
-0.0018615723
-0.0019836426
-0.0018005371
-0.0022888184
-0.002746582
-0.0026550293
-0.0026550293
-0.0031738281
-0.0033874512
-0.00390625
-0.0040893555
-0.004638672
-0.0046081543
-0.004760742
-0.0056152344
-0.0059814453
-0.005859375
-0.0063476562
-0.006652832
-0.0064697266
-0.0073242188
-0.007293701
-0.007385254
-0.0071411133
-0.006500244
-0.006591797
-0.0065307617
-0.0065612793
-0.0065612793
-0.0065612793
-0.0065612793
-0.0065612793
-0.0065307617
-0.0058288574
-0.0051574707
-0.004425049
-0.0039367676
-0.0040283203
-0.003967285
-0.0040283203
-0.00390625
-0.004547119
-0.004119873
-0.0039367676
-0.0040283203
-0.003967285
-0.0040283203
-0.0039978027
-0.003967285
-0.0042419434
-0.004852295
-0.004058838
-0.004486084
-0.004699707
-0.0040283203
-0.003967285
-0.004058838
-0.0038452148
-0.0032653809
-0.0032348633
-0.002166748
-0.0019836426
-0.0014953613
-0.0012512207
-7.9345703E-4
-5.79834E-4
-3.0517578E-5
7.9345703E-4
0.002166748
0.0026855469
0.0028686523
0.0034484863
0.0032043457
0.0037231445
0.0045166016
0.004638672
0.0051879883
0.0053100586
0.0053100586
0.0059509277
0.005065918
0.0056762695
0.005645752
0.005279541
0.00491333
0.0045776367
0.004180908
0.00390625
0.0034179688
0.0032653809
0.0033569336
0.003326416
0.0032958984
0.0033874512
0.0032043457
0.0038146973
0.0035705566
0.0037231445
0.0040893555
0.0045166016
0.0047302246
0.005279541
0.005218506
0.0054626465
0.0059814453
0.00592041
0.0058288574
0.0064086914
0.006134033
0.005859375
0.0059509277
0.005340576
0.0051574707
0.004760742
0.005218506
0.004486084
0.004760742
0.0043029785
0.0035705566
0.0028381348
0.0026245117
0.002746582
0.0026245117
0.001953125
0.0018920898
0.0019836426
0.001739502
0.0011291504
0.0016479492
0.0019836426
0.0019226074
0.0018615723
0.0025939941
0.0020446777
0.0026550293
0.0026855469
0.0028076172
0.0033569336
0.0035095215
0.0041503906
0.00390625
0.0040893555
0.0039367676
0.004058838
0.0039367676
0.004058838
0.0038757324
0.0033569336
0.0031738281
0.0025634766
0.0028076172
0.0022583008
0.0018005371
0.0020141602
0.001373291
0.0012512207
0.0012817383
0.0012817383
0.0012817383
0.0012817383
0.0012817383
0.0012817383
0.0012817383
0.0012817383
0.0012817383
0.0012512207
0.0013122559
0.0012512207
0.0013122559
0.0012207031
0.0013427734
0.001159668
0.0016174316
0.0016479492
0.0014648438
0.002166748
0.0013122559
0.0013427734
0.0012207031
7.324219E-4
4.8828125E-4
6.1035156E-5
-2.1362305E-4
-6.4086914E-4
-8.544922E-4
-0.0016479492
-0.002380371
-0.0031738281
-0.0038757324
-0.0040283203
-0.003967285
-0.0047302246
-0.005279541
-0.0054626465
-0.0070495605
-0.0072021484
-0.007751465
-0.0076293945
-0.0072631836
-0.0068359375
-0.0058898926
-0.0059509277
-0.005859375
-0.005218506
-0.005432129
-0.0058898926
-0.005004883
-0.0057678223
-0.0055236816
-0.005279541
-0.0047912598
-0.0046081543
-0.004058838
-0.003967285
-0.0032348633
-0.003479004
-0.0029907227
-0.0029907227
-0.0030517578
-0.0029296875
-0.0034179688
-0.0037231445
-0.0040893555
-0.0039367676
-0.0039978027
-0.004058838
-0.0038146973
-0.003479004
-0.00390625
-0.0031433105
-0.0034484863
-0.0032348633
-0.0034484863
-0.0027770996
-0.0026855469
-0.001953125
-0.0012512207
-5.187988E-4
-0.0
1.5258789E-4
7.9345703E-4
4.8828125E-4
0.0010986328
0.0012817383
0.0017089844
0.0025939941
0.0032958984
0.003326416
0.0033874512
0.004058838
0.0039367676
0.004211426
0.0048217773
0.004211426
0.0039978027
0.003540039
0.0032348633
0.0033874512
0.0026550293
0.0027770996
0.0033569336
0.0032958984
0.0033874512
0.0030822754
0.002532959
0.0028076172
0.002532959
0.0032958984
0.0032653809
0.004058838
0.004547119
0.004852295
0.005065918
0.0047912598
0.0053100586
0.005554199
0.006011963
0.0061950684
0.007293701
0.007293701
0.00793457
0.007965088
0.007965088
0.00793457
0.0079956055
0.007904053
0.0082092285
0.009002686
0.0093688965
0.008728027
0.008575439
0.008605957
0.0079956055
0.007171631
0.006591797
0.006378174
0.0058898926
0.0056762695
0.005126953
0.0054016113
0.0047912598
0.0045776367
0.0046691895
0.0045776367
0.0040283203
0.003967285
0.004058838
0.00390625
0.0043029785
0.0046691895
0.0049438477
0.005432129
0.0051574707
0.0053710938
0.0051574707
0.0047912598
0.005126953
0.004699707
0.0043945312
0.0039978027
0.0037231445
0.0031738281
0.0034484863
0.0027770996
0.0026855469
0.0020141602
0.0018920898
0.0011901855
6.1035156E-4
5.493164E-4
-2.746582E-4
-9.1552734E-4
-0.0014038086
-0.0011291504
-0.0018005371
-0.0019226074
-0.0019226074
-0.0018920898
-0.001953125
-0.0018615723
-0.0020141602
-0.0016479492
-0.0012817383
-9.460449E-4
-8.544922E-4
-0.0015258789
-6.1035156E-4
-0.0012512207
-0.0012207031
-7.6293945E-4
-0.0012207031
-0.0014648438
-0.0019226074
-0.0019836426
-0.0018005371
-0.0024108887
-0.0026855469
-0.0031738281
-0.0033569336
-0.0039367676
-0.0046081543
-0.0047302246
-0.005279541
-0.005432129
-0.0059814453
-0.006072998
-0.0070495605
-0.0076904297
-0.008483887
-0.008636475
-0.008575439
-0.008605957
-0.008605957
-0.008605957
-0.00869751
-0.009460449
-0.00881958
-0.00894165
-0.008972168
-0.008453369
-0.00869751
-0.008514404
-0.00869751
-0.008514404
-0.008728027
-0.008361816
-0.0079956055
-0.0076904297
-0.0072631836
-0.0073242188
-0.0074157715
-0.0066833496
-0.0071411133
-0.007385254
-0.007293701
-0.0073242188
-0.0073547363
-0.0071411133
-0.006439209
-0.0066223145
-0.006500244
-0.006591797
-0.0065612793
-0.0061035156
-0.005279541
-0.004699707
-0.004547119
-0.003967285
-0.004058838
-0.0038146973
-0.0030212402
-0.0022888184
-0.0014953613
-8.544922E-4
-1.2207031E-4
5.79834E-4
6.713867E-4
0.0013427734
0.00289917
0.0032958984
0.003479004
0.0043029785
0.00491333
0.0057678223
0.0058898926
0.0064086914
0.0066223145
0.0065307617
0.0059509277
0.0058898926
0.005065918
0.0046691895
0.0043945312
0.0039367676
0.0039978027
0.0043640137
0.004760742
0.0045776367
0.004699707
0.0045776367
0.0046691895
0.0046081543
0.004699707
0.004547119
0.00491333
0.0053710938
0.0051879883
0.005706787
0.0064697266
0.0066223145
0.006500244
0.0066223145
0.0064697266
0.00680542
0.0073242188
0.007537842
0.008087158
0.007904053
0.008026123
0.00793457
0.0074768066
0.0072021484
0.0066833496
0.006378174
0.0059814453
0.005706787
0.0052490234
0.0050964355
0.0041503906
0.0039978027
0.0035705566
0.0027160645
0.0026855469
0.0019226074
0.001953125
0.0018920898
0.0019836426
0.0018310547
0.0022583008
0.0027770996
0.0026245117
0.0027160645
0.0026550293
0.0027160645
0.0026550293
0.0033874512
0.0032653809
0.0034179688
0.0032043457
0.003692627
0.0037231445
0.0032348633
0.0030517578
0.001953125
0.0019836426
0.0012512207
7.019043E-4
5.187988E-4
-0.0
-1.2207031E-4
-9.460449E-4
-0.0015563965
-0.002380371
-0.0031433105
-0.0033874512
-0.0032653809
-0.0033874512
-0.00390625
-0.0041503906
-0.0046081543
-0.0048217773
-0.0053710938
-0.0052490234
-0.0053100586
-0.0052490234
-0.0053100586
-0.0052490234
-0.0053100586
-0.0052490234
-0.005340576
-0.0051879883
-0.005493164
-0.00592041
-0.0059814453
-0.005584717
-0.005218506
-0.005279541
-0.0057678223
-0.0059814453
-0.0058898926
-0.006591797
-0.006591797
-0.0075683594
-0.007965088
-0.007965088
-0.008148193
-0.009155273
-0.0087890625
-0.008972168
-0.009918213
-0.009887695
-0.010559082
-0.010528564
-0.0105896
-0.010528564
-0.0105896
-0.010498047
-0.010650635
-0.010131836
-0.00982666
-0.009979248
-0.009307861
-0.009216309
-0.009216309
-0.008483887
-0.008728027
-0.008300781
-0.0079956055
-0.0076293945
-0.007232666
-0.0073547363
-0.0073547363
-0.006652832
-0.0065612793
-0.006500244
-0.00592041
-0.00579834
-0.0051879883
-0.0053100586
-0.0052490234
-0.005279541
-0.005279541
-0.005279541
-0.0053100586
-0.0046691895
-0.004638672
-0.004547119
-0.0039367676
-0.0040283203
-0.0039978027
-0.0039978027
-0.0040283203
-0.0036315918
-0.002746582
-0.0027160645
-0.0020141602
-0.0012512207
-5.79834E-4
6.1035156E-5
3.0517578E-5
0.0010375977
0.0012207031
0.0016479492
0.001953125
0.002380371
0.0032958984
0.0032958984
0.003967285
0.0039978027
0.0039978027
0.003967285
0.0040283203
0.003967285
0.0040893555
0.0036010742
0.0032653809
0.0033569336
0.003326416
0.002746582
0.0026550293
0.0026855469
0.0026855469
0.0027770996
0.0037231445
0.0039367676
0.0043945312
0.004638672
0.0050964355
0.0053100586
0.005859375
0.00592041
0.006011963
0.0065307617
0.0067749023
0.0073547363
0.007537842
0.008087158
0.007873535
0.008026123
0.00793457
0.0079956055
0.00793457
0.007965088
0.007965088
0.007965088
0.007965088
0.00793457
0.008026123
0.0076293945
0.0067749023
0.0060424805
0.0053710938
0.004638672
0.0039978027
0.0032348633
0.0034484863
0.0030212402
0.002746582
0.0022888184
0.0018920898
0.0015258789
0.0011901855
0.0013122559
0.0012817383
0.0018920898
0.0020446777
0.0027160645
0.0027160645
0.0025939941
0.0030517578
0.0030822754
0.002532959
0.0027770996
0.0025939941
0.002746582
0.0025939941
0.0019836426
0.0018005371
0.0012207031
0.0013427734
0.0010375977
4.8828125E-4
7.9345703E-4
1.2207031E-4
-0.0
-3.0517578E-5
6.1035156E-5
-1.2207031E-4
-4.8828125E-4
-9.1552734E-5
-7.324219E-4
-6.1035156E-4
-6.713867E-4
-6.4086914E-4
-6.4086914E-4
-6.713867E-4
-6.1035156E-4
-6.713867E-4
-5.79834E-4
-7.019043E-4
-4.5776367E-4
-0.0
6.1035156E-5
-3.0517578E-4
-7.324219E-4
-6.1035156E-4
-6.4086914E-4
-6.713867E-4
-6.1035156E-5
-0.0
-6.713867E-4
-6.4086914E-4
-7.019043E-4
-0.0016479492
-0.0018310547
-0.0023498535
-0.0026855469
-0.003112793
-0.0033569336
-0.0038757324
-0.004058838
-0.0046691895
-0.0053710938
-0.006134033
-0.0065307617
-0.006866455
-0.007385254
-0.007598877
-0.008148193
-0.0073547363
-0.007843018
-0.008026123
-0.007904053
-0.008026123
-0.007873535
-0.008117676
-0.007598877
-0.0076293945
-0.007751465
-0.0071411133
-0.0074768066
-0.0066223145
-0.006591797
-0.006500244
-0.00592041
-0.0058898926
-0.0059509277
-0.0058898926
-0.0059509277
-0.0058898926
-0.0059509277
-0.0058898926
-0.0059509277
-0.0058898926
-0.0053710938
-0.0051574707
-0.004699707
-0.0044555664
-0.0039978027
-0.0037841797
-0.0031738281
-0.003479004
-0.0027770996
-0.0031433105
-0.0034179688
-0.0026855469
-0.0019226074
-0.0011901855
-4.8828125E-4
1.8310547E-4
9.460449E-4
0.0013427734
0.0014953613
0.0025634766
0.0026550293
0.0032043457
0.0039367676
0.0046691895
0.005279541
0.0053100586
0.0052490234
0.005340576
0.0051574707
0.0057373047
0.005554199
0.005218506
0.0048217773
0.004547119
0.0040893555
0.003967285
0.0039367676
0.0032043457
0.0034484863
0.0030212402
0.0026245117
0.0027160645
0.0026550293
0.0026855469
0.0032043457
0.0034179688
0.0032348633
0.0035095215
0.0039367676
0.004211426
0.0046691895
0.0048828125
0.005432129
0.005126953
0.0058288574
0.00592041
0.006500244
0.007293701
0.007385254
0.008026123
0.007904053
0.008148193
0.009002686
0.009277344
0.009277344
0.008850098
0.008026123
0.00793457
0.0079956055
0.00793457
0.008026123
0.0078125
0.007080078
0.006164551
0.0059509277
0.0055236816
0.0052490234
0.004852295
0.004547119
0.0047302246
0.004547119
0.004760742
0.0053100586
0.0052490234
0.005493164
0.006072998
0.0057678223
0.0064086914
0.006591797
0.0065612793
0.0072021484
0.007446289
0.007873535
0.007293701
0.0073242188
0.007171631
0.006072998
0.006011963
0.005432129
0.0053100586
0.004760742
0.0040893555
0.00390625
0.0034179688
0.0030822754
0.00289917
0.0031738281
0.0025939941
0.0026855469
0.002746582
0.0021362305
0.0018920898
0.0014038086
0.0012207031
0.0012512207
5.79834E-4
5.79834E-4
-3.0517578E-4
-6.713867E-4
-6.4086914E-4
-6.4086914E-4
-6.4086914E-4
-6.4086914E-4
-6.1035156E-4
-0.0012207031
-0.0013122559
-0.0012512207
-0.0012817383
-0.0012817383
-0.0012817383
-0.0014648438
-0.0024719238
-0.0026550293
-0.0031433105
-0.0034179688
-0.0032653809
-0.0040283203
-0.0039978027
-0.004852295
-0.005218506
-0.005645752
-0.007080078
-0.0073242188
-0.0073242188
-0.0073242188
-0.0073242188
-0.0073242188
-0.0073242188
-0.0079956055
-0.007904053
-0.008117676
-0.008666992
-0.008575439
-0.008605957
-0.008605957
-0.008605957
-0.008636475
-0.008056641
-0.00793457
-0.0079956055
-0.00793457
-0.007965088
-0.007965088
-0.007965088
-0.007965088
-0.007965088
-0.007965088
-0.0079956055
-0.007446289
-0.0078125
-0.008056641
-0.007843018
-0.008178711
-0.008453369
-0.007904053
-0.007965088
-0.0079956055
-0.007873535
-0.008453369
-0.008178711
-0.0073242188
-0.0066223145
-0.006500244
-0.0066223145
-0.0064086914
-0.00579834
-0.006072998
-0.0053100586
-0.0041503906
-0.0036010742
-0.002746582
-0.0027160645
-0.0019836426
-0.0012207031
-5.493164E-4
1.5258789E-4
8.239746E-4
0.0015563965
0.0022277832
0.0031738281
0.0032653809
0.0038452148
0.0040283203
0.0039978027
0.0039367676
0.0033569336
0.0040893555
0.0038146973
0.0031738281
0.0036621094
0.004058838
0.003967285
0.0039978027
0.0040283203
0.0034179688
0.0032958984
0.003326416
0.0033874512
0.004211426
0.004852295
0.0054016113
0.005126953
0.0057373047
0.00592041
0.006378174
0.007232666
0.007965088
0.008575439
0.00869751
0.009307861
0.009216309
0.009246826
0.009246826
0.009185791
0.009674072
0.010009766
0.009857178
0.009979248
0.00982666
0.009277344
0.009155273
0.008361816
0.0077819824
0.006866455
0.0065612793
0.0061950684
0.005859375
0.005493164
0.0051574707
0.0047912598
0.004486084
0.0040283203
0.0039367676
0.0040893555
0.003692627
0.0032348633
0.0033874512
0.0032348633
0.00390625
0.003479004
0.0032653809
0.0040893555
0.00390625
0.004211426
0.0046691895
0.0046691895
0.004333496
0.0038757324
0.0040893555
0.0039367676
0.004058838
0.0039367676
0.0040893555
0.0038146973
0.0033874512
0.002960205
0.0016784668
0.002105713
0.0014648438
0.0013122559
7.9345703E-4
6.1035156E-4
9.1552734E-5
-3.0517578E-5
-0.0
3.0517578E-5
-1.5258789E-4
-7.324219E-4
-6.1035156E-4
-6.1035156E-4
-0.0010070801
-0.0014038086
-0.001159668
-0.0019226074
-0.0018615723
-0.0020141602
-0.0026245117
-0.0017700195
-0.0022277832
-0.002746582
-0.0026550293
-0.0026550293
-0.0030822754
-0.0034484863
-0.0032043457
-0.0040283203
-0.004547119
-0.0047912598
-0.0052490234
-0.005432129
-0.006164551
-0.0069274902
-0.0077209473
-0.008056641
-0.007843018
-0.008544922
-0.009124756
-0.0093688965
-0.009796143
-0.0101623535
-0.010375977
-0.009918213
-0.009613037
-0.009185791
-0.009216309
-0.00970459
-0.009979248
-0.009887695
-0.009918213
-0.009246826
-0.009246826
-0.009277344
-0.009033203
-0.008514404
-0.008666992
-0.008544922
-0.008636475
-0.008575439
-0.008148193
-0.0072631836
-0.007446289
-0.0071105957
-0.0067443848
-0.0072021484
-0.006378174
-0.006713867
-0.006134033
-0.0058898926
-0.00592041
-0.00592041
-0.00592041
-0.00592041
-0.00592041
-0.0058898926
-0.0049743652
-0.004699707
-0.0043029785
-0.0039978027
-0.0036010742
-0.0032653809
-0.00289917
-0.0025939941
-0.002746582
-0.0017700195
-0.0013122559
-0.001159668
-3.9672852E-4
2.746582E-4
0.0010070801
0.0016479492
0.0024719238
0.0031738281
0.0039367676
0.0045776367
0.004699707
0.0045776367
0.0047302246
0.004486084
0.0050354004
0.0049743652
0.0048828125
0.0054626465
0.0047302246
0.0046081543
0.0046691895
0.0039367676
0.0033569336
0.0032043457
0.0026245117
0.0026855469
0.0027160645
0.0026245117
0.003112793
0.0033874512
0.0032958984
0.003326416
0.0039978027
0.0039978027
0.004852295
0.005218506
0.005554199
0.0058898926
0.0062561035
0.0065612793
0.0070495605
0.0074157715
0.0078125
0.008636475
0.008575439
0.008544922
0.007843018
0.008056641
0.007843018
0.008331299
0.008666992
0.008575439
0.008636475
0.008117676
0.0066223145
0.0065612793
0.0057678223
0.005340576
0.005065918
0.004638672
0.004333496
0.003967285
0.0036315918
0.0032043457
0.0034179688
0.0032653809
0.0033874512
0.0032653809
0.0034179688
0.004211426
0.004699707
0.0046081543
0.004638672
0.004638672
0.004638672
0.0046691895
0.004058838
0.003967285
0.003967285
0.0032653809
0.0032958984
0.0022888184
0.001953125
0.0015869141
0.0012512207
8.8500977E-4
5.493164E-4
1.8310547E-4
-1.5258789E-4
-5.187988E-4
-8.239746E-4
-0.0012512207
-0.001373291
-0.0010070801
-5.79834E-4
-6.713867E-4
-6.4086914E-4
-6.4086914E-4
-6.4086914E-4
-6.4086914E-4
-6.4086914E-4
-6.1035156E-4
-6.713867E-4
-6.1035156E-4
-6.713867E-4
