1.084014883982
1.1226515719242787
1.3952004980263382
1.1201321941409652
0.8099249643442697
0.11945317356894745
0.5564306959172513
0.9100194698599887
1.168056504002375
1.2957364881468092
3.1720472171118064
1.5034111287142515
2.328679649831983
2.2180443247292714
2.515841493370479
29.312389289944605
10.57368005282542
6.344676250152137
4.461059337886969
2.983881173512466
1.7400258768962682
0.8352385778760357
0.8278949921090464
1.3863600134732161
1.8108408886773835
1.9523800557232123
1.886106729528397
1.3079417967869316
0.9223508319455825
2.9648299553502113
14.022052903112217
10.965596608513374
3.577185700642542
1.1933258749546085
0.18819497679472297
0.6515750543962078
1.0267364284202591
1.0681172020478136
1.035343946342956
0.754615615679103
0.4021984905958231
0.12411466820564657
0.5289345476301922
1.0689775902496486
1.9434418202952606
4.8660785416369166
5.82948174144595
1.0241656406878092
0.3937583908078997
0.10693516697262177
0.1358945709524819
0.20360069944201117
0.27019142879171815
0.2955237892427562
0.24613355637648995
0.2038823612298183
0.15620007455336155
0.17051599072603613
0.10993077400253934
0.2713074851288143
0.5888881347335401
2.488235898579378
0.2832790039733299
0.04964224402571502
0.17537079557263913
0.3165136810601332
0.37384168536165685
0.3853461732565836
0.2843223953332008
0.25191100221879636
0.2011577113176429
0.2110570555754393
0.29927666666465885
0.4772959790147401
0.6141661191286465
0.6644523304464939
3.6162362045525756
0.7011294413775725
0.574449529623424
0.4640623075020581
0.3476225630014908
0.2452306256507607
0.1607800007854425
0.1815619382624163
0.18309733424340766
0.1649692134017188
0.1754444399717505
0.11079351846917196
0.1127255424144034
0.10317554464910243
0.15081927767594072
0.6367353244313099
0.43495006686429616
0.3665750492417161
0.302828126362748
0.17743368563841122
0.11444094515210702
0.10158955687195811
0.1460909981495808
0.18820327228441708
0.21552529068687085
0.18294416976665107
0.17106341019598983
0.14508372077395312
0.07322740649796204
0.14115043059289897
0.5359744737674771
0.217746105932971
0.17104602258573104
0.18410858497985794
0.16536771810346887
0.09742207826791077
0.04356876985860296
0.06342233726648822
0.1037311158496465
0.1527182822751928
0.16815522236721486
0.14749167051522374
0.1468495719541305
0.1089162280649979
0.08826952759122203
0.31818934874372834
0.1706667410635695
0.0766169580659022
0.13628910950735534
0.1322725268072811
0.14800965263688087
0.13132815667833267
0.06281556228185048
0.02839388119383223
0.08227143513094456
0.1141442285617848
0.1984530774745887
0.1628096113346301
0.1551286442487424
0.15702819818341265
0.1804493987783145
0.6543763364882087
0.0598492251269682
0.08224515360076122
0.11138813055790293
0.10552850278727562
0.12967645908859093
0.1276362386614505
0.07601176478179808
0.05824609937498707
0.07076310019407284
0.15718229136153627
0.19563238972884409
0.2506283552116995
0.2688467596299325
0.3184111088862982
1.1056440686044526
0.11226116115397214
0.08631393409344258
0.07106399980660988
0.05363402130459336
0.009241587433892497
0.023021008954116223
0.0756807517302799
0.06316679190345716
0.04807160141843325
0.053927754505254694
0.05440778819661134
0.05572555955614472
0.05071610868874142
0.11729538374344702
0.5224503666951028
0.19319736393734985
0.13025827184244348
0.09033713238159066
0.08272451804435615
0.10181847174148054
0.08625378110924106
0.07734751101155425
0.02503920947346329
0.04107709727674808
0.009406251070586338
0.040705531684931184
0.0693914827482165
0.09499543732829749
0.14541205377780062
0.38892616579437184
0.3811885058370296
0.0770809094510242
0.07301601538749124
0.07645858121084924
0.09812983692901607
0.08284599453109924
0.043063598782202166
0.04163074964509751
0.009383899020242385
0.01063428896085126
0.07232178150917178
0.05972803968553475
0.035246455264750086
0.023927133426390544
0.09905640011267648
0.24928845493280505
0.0913576829321344
0.00996126867996309
0.032513957362300144
0.05866466242853912
0.09070173745141154
0.07535505844518102
0.11039201994307828
0.05597225576852904
0.023090678185330078
0.009945865990806258
0.033994778934703374
0.05398533017477163
0.06334961361511975
0.08068361272529016
0.1277125460900081
0.04691071380946947
0.021252668986819243
0.023432819550240257
0.012828621052142764
0.06132572773977505
0.08690503687757253
0.08608746253603276
0.08457549458493302
0.04511356930863561
0.039989024295031886
0.01762606749755931
0.042187346577819106
0.02870962883120395
0.09639111030975783
0.11993702674873946
0.05160052629422306
0.043040334626891684
0.033646321951416466
0.01791760405441841
0.02136319885909574
0.07843369451324547
0.07496351413371344
0.05723950034859103
0.06877060835019037
0.03290257355077371
0.03155454990894484
0.010712019678898722
0.0534827537473617
0.06027140761626175
0.06721018818622954
0.022923009455665465
0.07150825251507635
0.04877173392259613
0.02385939813477323
0.021195336929451362
0.02739558196807964
0.05823246896727839
0.05414847683575055
0.05525199893285378
0.07113219595738371
0.036328106898621905
0.008418563903939658
0.03981240230068669
0.08022161419382716
0.14578591030995872
0.2525937497517817
0.019282836563391224
0.050472288453035696
0.06270978408459524
0.06514908776328741
0.040558713264627594
0.01806254078873958
0.010524383236880704
0.03489503180647107
0.0490245437161941
0.04389692777191901
0.05367996994286196
0.06816096361943345
0.025308416392126592
0.03944364566753868
0.25370441132086374
0.23914776099664978
0.12079489309682885
0.08989954850361187
0.057641903476906065
0.03422079232514411
0.027640011060883308
0.02789301768140254
0.057465396983437125
0.06301211351631962
0.07797643097639156
0.05123976870866267
0.05197532603475211
0.06622093457743965
0.017357637240721313
0.0558877658025685
0.18341734520481875
0.06650690933411885
0.054583737483188996
0.04011401988712607
0.03161788321601199
0.013792260344764743
0.020947710279039418
0.04552970034275661
0.023929049071406337
0.039189466812228416
0.06774696780238278
0.04857936988317548
0.027920850926016795
0.03790166079648353
0.001462450399800888
0.029954683139803515
0.04516664385451312
0.04535095867720685
0.05656566552153997
0.053838503628051336
0.03656265656615282
0.022126340697386615
0.02289534286110497
0.023030963954853136
0.04691484087138201
0.04361902874831702
0.05379937157884852
0.043137382426377546
0.023392021779213373
0.015049236736206995
0.010075519177461434
0.04164920859958105
0.032705542790145266
0.058979383375363015
0.053860551792023176
0.03888760471442315
0.05144655467144235
0.04161878892811031
0.011616690715204953
0.023203546610052923
0.037590035003586736
0.05024442568606993
0.03849702259380242
0.06376213798220393
0.046887117794322274
0.018597218630164145
0.025071772095479575
0.02276868564634199
0.04672276873280592
0.05707629779910625
0.04182619690807107
0.04198333156070186
0.03702849577317618
0.015133356791321002
0.018049136353830587
0.008597062103889962
0.024676654086339293
0.06728807627712374
0.057659587656346926
0.03907764445302149
0.06169691451915443
0.06253370355060198
0.10102048376813508
0.04435918244413719
0.031144715416815887
0.05100476503608478
0.03852762052315157
0.05194825076453087
0.0337814221685568
0.024488873665904225
0.02783423919760659
0.008214267292639991
0.03730442088183585
0.04204308315604664
0.040806300388191497
0.05782776088857534
0.038021967370344655
0.03180483942416631
0.010214088676450028
0.028060197625343054
0.036643901210495905
0.04028388213516442
0.04814258975677365
0.05025840793304182
0.028692283424163016
0.017811401742833625
0.0071350530039227065
0.025060638283219114
0.032884723893310076
0.045419494326096634
0.03980499324905783
0.02971419735978056
0.039159416546760334
0.023476509698979093
0.007694279417725198
0.032849879502303135
0.03419330829288349
0.043330247985547514
0.04180692963966357
0.031383760783588406
0.04153879782918208
0.029924184570046676
0.02348708355326604
0.023657241662737295
0.026657978987544045
0.02973773754207521
0.04594621416210315
0.055813597023225525
0.10627933344745996
0.04996389103027331
0.027968018425090165
0.012498636440337371
0.03195587115518979
0.045616140056634585
0.04341072143813675
0.03550647948071896
0.04619932981009744
0.02440599855350036
0.0178488857235976
0.0337826569842801
0.037204170162495435
0.03837386230486563
0.03908213546628348
0.047210569920229616
0.03347861665084665
0.018745371238664512
0.015806200993695937
0.01594098118502378
0.04459819553632839
0.033571359092798174
0.0326713083829401
0.04633174284848247
0.02223100236735938
0.01664301074988441
0.004230221190657572
0.02627821165283217
0.03200996192665406
0.02627514787190854
0.038693506650131125
0.043921189339453076
0.08323374307289622
0.03150990483853952
0.005402537487477922
0.016392650411873325
0.04105768521783527
0.03808876280264281
0.044028428947232676
0.04385270346220449
0.032135466363405606
0.014920420091985423
0.014188686824504075
0.0248895287299665
0.042891535970890134
0.046463653773934493
0.03769758987293838
0.08017970277198277
0.043022293400189864
0.01891990998517946
0.012619471727830001
0.01640111106410935
0.03732960106191956
0.0439721149307171
0.03680981158999392
0.034079118761415984
0.032236558594155876
0.01916575363412206
0.014284104474201961
0.026387086474719892
0.025402118491246118
0.046993756794248706
0.06069235975969578
0.025693688360794015
0.023307413548340157
0.014403907396577355
0.011438889989579017
0.013803655978083298
0.012276672613069372
0.032595636795752295
0.044111281766933144
0.03338259872185115
0.02762719675672108
0.010469788339324234
0.018817218434835116
0.020095436424727352
0.023997951361238896
0.02376436156081957
0.032670159692788345
0.045731211019043025
0.035638438728546946
0.013158565394486536
0.01047713178411277
0.014937036386212474
0.03140017940900913
0.034905970578513995
0.03662447592431107
0.02762166094876932
0.0323184915558143
0.02346838486875129
0.016604193647486543
0.008559633774217345
0.025415405228344626
0.04256252334473185
0.04641496246461533
0.031477221639983885
0.020198177079339387
0.011079894885740994
0.009214641363210204
0.014498999783174794
0.025508160142631835
0.0337739779075283
0.036666518407222765
0.03155050932435806
0.02157889074174135
0.01940103148821575
0.010508634601086463
0.026624841356099885
0.022298943120297295
0.02546855781380435
0.04575277847543721
0.03587568452954319
0.01955127220500418
0.017553581820490733
0.0038627025434840078
0.013935516859181178
0.014574938925224101
0.024531778047462996
0.045052368161300406
0.02448448011039316
0.03285597067799182
0.018282629158507244
0.007006350852226128
0.013547475553425281
0.03310965479409346
0.021824556032563787
0.04181176262014791
0.03005499565443502
0.027167946978232643
0.017931340161703873
0.011027706492586456
0.0144748363014346
0.016236547460094404
0.024780150402940297
0.047605901840193185
0.03501092633993009
0.03285023731406706
0.01463896541939469
0.009561031301493514
0.02592577512800757
0.022735795273138158
0.026329770078129967
0.047486211135893845
0.03852568223473582
0.02051706916749988
0.005689745789419817
0.006963440483978271
0.0206329975086195
0.019312118973157728
0.03282812149180736
0.026479446805151935
0.0370487546704039
0.013454197487644148
0.021682857690437086
0.00570420628259513
0.01690142872447944
0.020827650835199392
0.04748712829060366
0.049597633811727576
0.027275556432653073
0.024376473488080853
0.02676819393320172
0.011830513949560018
0.010796778001895489
0.03057948872839225
0.03332236559550956
0.02838712419159133
0.03231529471951487
0.018357583998045636
0.02493919871379675
0.012111003838162793
0.011745914766625749
0.023467790560870668
0.036589511491417134
0.03768431955475436
0.027123094035199205
0.021456994761924322
0.021038958108430615
0.005291364891240482
0.012714149405669676
0.02597675631648478
0.0356176473544233
0.037838119817213155
0.026121606077697042
0.011493336070095018
0.01799368740100559
0.01279197095082625
0.01783600141090512
0.02257334091168261
0.01665652210507312
0.039343471214119775
0.024654288922836554
0.021789895595963
0.017375496636916295
0.0023825024415912084
0.015366839119097565
0.02785062084723198
0.027043517474435036
0.03411438724486429
0.022135965518852038
0.018611122852879355
0.023879505825325654
0.009478019639407422
0.017422487648323597
0.010499640246473577
0.03181164130061069
0.08694957156686531
0.029040730403239064
0.011077622358505231
0.023384822988500014
0.006114040740988859
0.0224595101840894
0.01906548395094209
0.030368633825901548
0.037326151356360096
0.022454235772776256
0.013993676526454855
0.020549948855096565
0.0061614030333272726
0.015955519847741954
0.019161274341985553
0.03146208027930952
0.03792380386612998
0.028744191776633173
0.014622844697560798
0.010574064574056996
0.017105733322126775
0.01973426244543797
0.01364226430393443
0.017962255036156408
0.03106518969442586
0.027025148148105086
0.029810414851312007
0.014001170536739485
0.003774085489505159
0.02612923316313467
0.008900447285119677
0.027536571476727358
0.018913115851892356
0.029238363445969716
0.030434919855348578
0.017106572399960312
0.0143076693206153
0.021304133319702854
0.025460133906831578
0.01895715768501352
0.02763477197443974
0.03661516448532648
0.03456069267779237
0.012442213852129574
0.014324029239570964
0.010178327144648433
0.03224788516256109
0.036447013162732154
0.056322647804618056
0.012169854347348782
0.014394321124485503
0.009748073925698758
0.006575704866961136
0.017782247014671054
0.031613994914658924
0.03051728108191182
0.017848624876157647
0.03606733770263303
0.024583102127932067
0.010880276075888966
0.00845822032519474
0.007476837964794247
0.03781503357811866
0.04385344744461026
0.09625912506136002
0.0635387672122282
0.009979748108185678
0.011156763925518868
0.011962097497548809
0.007158323597892419
0.01887788564202257
0.029011240341019314
0.0249893995922144
0.019410421151633245
0.013849089315418135
0.018784666339461513
0.007766071476500694
0.012201296689984618
0.016198221180088915
0.017439921979308375
0.028609171425329257
0.056044781213424655
0.021176601814257588
0.006256937953587889
0.008553999524555126
0.023552815465296088
0.01608004965483091
0.0352525736542014
0.02731170175652208
0.024652089055102678
0.006042913260808894
0.005532173334056558
0.010069923458659884
0.006533680411606944
0.023371284865009074
0.021938907882561132
0.022877569473471863
0.04024283158421133
0.019358597981836125
0.009772047166059783
0.00483297006837713
0.011302023343370519
0.02829658045806806
0.02436285551352064
0.016991239090791525
0.01989679479008905
0.02371616486966407
0.018945859074417603
0.017369181178658454
0.02284782677314083
0.011268499201481312
0.023911875093632583
0.029490208373808828
0.026451296311099746
0.019862263565075405
0.01827091979636768
0.006510435205745824
0.015818515682699843
0.025672392470816433
0.02707693999524307
0.02172013356236084
0.025743372530860006
0.02557698163726308
0.004702477321232452
0.013150164546886469
0.01030218173710244
0.01912551531532033
0.026108423626820185
0.01688533736077476
0.018204194919158832
0.03116177705108693
0.015509471726538465
0.009579327890985648
0.008386060557763683
0.02891222708640468
0.02134377430147314
0.0345738649015936
0.027256686880596966
0.014171141842551955
0.013866349604004591
0.0078278549060956
0.00814158588246148
0.023981199256414107
0.028013460484615466
0.015161339735330638
0.02784754271881106
0.018900126235690783
0.01715304871106205
0.0034774783124291242
0.009021490133896306
0.022971954464416893
0.02787840307930814
0.021839188880158778
0.020350567570106632
0.020090922237068504
0.014289428767493414
0.0022942099179583237
0.004978276244937272
0.011811002315453985
0.02740099485789782
0.0294240715661967
0.016938878776760348
0.01878679691310404
0.015500786114536565
0.0124677155928124
0.009240980780202631
0.024849650909943257
0.024438145907449565
0.0333860294410432
0.017495036236216375
0.016666216921151
0.01911624413572504
0.005671103360188022
0.0061080120478688125
0.01986791493432413
0.0161972600007141
0.028606003719118634
0.02899392713373987
0.023154528391111054
0.024669278021994423
0.01723519751244309
0.008045227039847688
0.012525487677485366
0.028150042939593136
0.029327872499856317
0.02691067260819418
0.019219653095961842
0.009958674869643525
0.012088351244935831
0.004962561266981518
0.0202395440457576
0.023645224774616204
0.02969191483214956
0.03212408985237151
0.017099246414169964
0.013778587255424196
0.0033288390029409904
0.018640571048449413
0.018406081085761368
0.013140922965757439
0.025814583052538302
0.030134050129665656
0.026814055998054462
0.021394490411153672
0.0036160289837068316
0.008356956029351147
0.03427388272902715
0.021255535014435334
0.033865350512605294
0.029137423818696138
0.010499172527222973
0.015566725179937187
0.005394197410597209
0.008995742851578736
0.02128198319615752
0.030311000472881985
0.02505873794468093
0.025959945733698184
0.01720067338269498
0.006502440327922818
0.009963939121784914
0.008285076214149938
0.018236825035501877
0.02785864257652358
0.02513868023304767
0.02015913803223463
0.013880650156520175
0.018851055331601467
0.0114763340074357
0.013909837305719458
0.018706640278721848
0.02504357262353229
0.02596888788716379
0.02332280448391357
0.029903962884407918
0.006108723184157875
0.011658030522229308
0.010354843213158327
0.02189333498716969
0.016697700555206238
0.024436294196646623
0.024199033026714563
0.024833546203398085
0.0015938825524454557
0.006748856689480491
0.015112117227149053
0.017244701970388087
0.013588262335296513
0.026612065769534017
0.023328892527626117
0.020547055299289657
0.012291785987933988
0.02271790883827161
0.011914201745639563
0.01171328318674102
0.024744948953346044
0.03618090320919941
0.030015271519599204
0.012761235998426232
0.014475582623769467
0.008729752034866044
0.011510270480932836
0.011023633547021787
0.03194170819392369
0.019499437990288953
0.026189099246944552
0.019634608255892114
0.013506310509993959
0.004400637784673874
0.01987703146140565
0.022120835878427166
0.02461452634492632
0.025424209970950067
0.019958305959807483
0.0032644912167647065
0.009338806377668983
0.013517311387047677
0.0060846389037829355
0.024628514060495314
0.017350969983910523
0.021114940127099843
0.017080409117931822
0.023935031710464016
0.01114880585317322
0.010185486209242287
0.019897292370965214
0.012192229892916828
0.027348179958999314
0.017996365787858577
0.019319184322233476
0.023977121424933016
0.007053135845968036
0.007057690956610041
0.015665102626049136
0.007488518731480858
0.025444211340326144
0.02976562845359389
0.01538074439657033
0.02289749474134527
0.015593299636848612
0.007687489125210887
0.007380023065100207
0.020502862675968746
0.0293476683700328
0.02459121512556412
0.02828497468636511
0.016416060739901983
0.010774668946610935
0.007361886636365271
0.01322778447931352
0.024120945293382247
0.02045587398111423
0.025111600173577154
0.017849114461447074
0.026079936967715527
0.022561939521266148
0.01817091542376457
0.016716784044743048
0.016967884681698592
0.02290859808155806
0.021644452594983432
0.024338024853030348
0.02400398324108616
0.016010250825596147
0.0045483689268875915
0.02036107649525685
0.02087227691532981
0.01629325309036865
0.026676548570129247
0.01839994517176473
0.02106462403817694
0.01026661927626844
0.018831106714181242
0.012993508596301067
0.012733164711086412
0.024380487556108547
0.026394923409124818
0.02823971346346196
0.02143711602549674
0.00954593902475324
0.010220732609389955
0.005431278222253464
0.014922407466904831
0.029687859857691706
0.027680832822555422
0.01824744635033044
0.02362819491713578
0.005313810612364927
0.005075742767644582
0.0036951965478266686
0.012871094363014908
0.026349158127499425
0.028681334721634026
0.026586021272776456
0.009354902475186428
0.018647484030368606
0.0151302934764738
0.014087688764154319
0.01507744910003732
0.026375937930933614
0.024906494792095
0.03161224624910698
0.015368672526443649
0.007399335955580511
0.013007903401030311
0.010584864564162072
0.020447144680295994
0.014030650216693174
0.013462446705972188
0.03110513388601136
0.018683991746803172
0.01622598396864728
0.01527965205608569
0.008546005417923712
0.009018113811745759
0.02395752370995124
0.023401854155875704
0.026095956317979094
0.01993266368533759
0.009325197797208088
0.012408794853074412
0.011569283456507993
0.011562536519435151
0.027702242838699417
0.029418271498376083
0.019065510951780877
0.018187005188544287
0.011927929640743375
0.0019373979650375219
0.013324347273686584
0.024481794376696345
0.01620471017039633
0.02326854586165892
0.024693464135645698
0.017343364902818313
0.011141808166644741
0.004129613086893619
0.015852891922386755
0.019073817419405746
0.020071406912975067
0.024188310013281717
0.015237131444571918
0.020551984352328766
0.01154078816415553
0.008421575943299254
0.011396454077041073
0.015927926617662617
0.025113080235956896
0.01922264050763652
0.02499581927516761
0.018176288813530065
0.010337911295889225
0.009546773159091646
0.010336641496773588
0.01685198301604723
0.021110629268167872
0.02505377509899885
0.022690949958026018
0.017121189344876667
0.011540205317331553
0.008636508818000266
0.011540205317331744
0.01712118934487722
0.022690949958025952
0.02505377509899885
0.021110629268167876
0.016851983016047168
0.010336641496773536
0.009546773159091644
0.010337911295889114
0.018176288813530495
0.02499581927516773
0.01922264050763648
0.02511308023595733
0.01592792661766235
0.011396454077040695
0.008421575943298374
0.011540788164155236
0.020551984352327968
0.015237131444571714
0.024188310013281932
0.020071406912975057
0.01907381741940592
0.015852891922386828
0.004129613086893749
0.011141808166644528
0.017343364902818154
0.024693464135645708
0.023268545861658912
0.016204710170396607
0.024481794376696925
0.013324347273686053
0.001937397965037015
0.011927929640743752
0.018187005188544464
0.019065510951780846
0.02941827149837603
0.027702242838699473
0.011562536519435127
0.011569283456507902
0.012408794853074334
0.009325197797208135
0.019932663685337575
0.026095956317978987
0.023401854155875576
0.02395752370995077
0.009018113811746513
0.00854600541792368
0.015279652056085712
0.01622598396864715
0.01868399174680315
0.03110513388601131
0.013462446705972173
0.014030650216693226
0.020447144680295924
0.010584864564162215
0.013007903401030318
0.007399335955580672
0.015368672526443625
0.031612246249106864
0.02490649479209496
0.026375937930932934
0.015077449100037419
0.014087688764154062
0.015130293476473818
0.018647484030368686
0.009354902475186272
0.026586021272776393
0.028681334721634005
0.026349158127499325
0.01287109436301494
0.003695196547826748
0.005075742767644613
0.005313810612364827
0.02362819491713564
0.018247446350330203
0.027680832822554798
0.02968785985769163
0.01492240746690482
0.005431278222252931
0.010220732609389993
0.009545939024753581
0.02143711602549703
0.028239713463461637
0.026394923409124936
0.024380487556108513
0.012733164711086457
0.012993508596301294
0.018831106714181235
0.010266619276268561
0.02106462403817693
0.018399945171764683
0.02667654857012922
0.01629325309036886
0.02087227691532973
0.020361076495257133
0.004548368926887623
0.01601025082559631
0.024003983241085068
0.024338024853030438
0.02164445259498343
0.022908598081557995
0.016967884681698617
0.016716784044743298
0.0181709154237646
0.02256193952126623
0.026079936967715434
0.01784911446144706
0.02511160017357708
0.020455873981114252
0.024120945293382275
0.013227784479313593
0.007361886636365067
0.01077466894661118
0.016416060739902042
0.028284974686365233
0.024591215125564114
0.029347668370032744
0.020502862675968733
0.007380023065100136
0.007687489125210904
0.015593299636848685
0.022897494741345305
0.01538074439657035
0.029765628453593918
0.025444211340326026
0.007488518731480975
0.015665102626048727
0.007057690956610043
0.007053135845968154
0.02397712142493251
0.019319184322233684
0.017996365787858543
0.027348179958999283
0.012192229892916809
0.019897292370965283
0.010185486209242273
0.011148805853173236
0.023935031710463937
0.017080409117931888
0.02111494012709993
0.01735096998391035
0.02462851406049533
0.006084638903781031
0.013517311387047693
0.009338806377668752
0.003264491216764676
0.01995830595980755
0.02542420997095016
0.024614526344926245
0.022120835878427024
0.019877031461405698
0.004400637784673973
0.013506310509994157
0.019634608255892125
0.02618909924694458
0.019499437990288932
0.031941708193923696
0.011023633547021202
0.011510270480932557
0.008729752034865998
0.014475582623769447
0.012761235998426176
0.030015271519599283
0.03618090320919945
0.024744948953346106
0.01171328318674093
0.011914201745639405
0.0227179088382716
0.012291785987934099
0.02054705529928967
0.023328892527626186
0.02661206576953399
0.01358826233529642
0.01724470197038817
0.015112117227149727
0.006748856689480489
0.0015938825524455323
0.024833546203398164
0.024199033026714552
0.02443629419664662
0.01669770055520624
0.0218933349871698
0.010354843213158445
0.011658030522229301
0.006108723184157844
0.02990396288440802
0.023322804483913617
0.0259688878871638
0.02504357262353213
0.018706640278721754
0.013909837305719467
0.011476334007435694
0.018851055331601613
0.013880650156520229
0.020159138032234764
0.025138680233047748
0.027858642576523616
0.01823682503550185
0.008285076214150174
0.009963939121784924
0.0065024403279227054
0.017200673382694927
0.02595994573369803
0.025058737944680897
0.030311000472882026
0.02128198319615766
0.008995742851578406
0.005394197410597277
0.015566725179937058
0.010499172527223011
0.029137423818696395
0.03386535051260533
0.02125553501443527
0.03427388272902721
0.008356956029351227
0.003616028983706847
0.021394490411153863
0.02681405599805437
0.030134050129665555
0.025814583052538337
0.013140922965757584
0.01840608108576176
0.01864057104844916
0.0033288390029409596
0.01377858725542468
0.017099246414170054
0.03212408985237134
0.02969191483214962
0.02364522477461609
0.020239544045757576
0.004962561266981607
0.012088351244935824
0.00995867486964369
0.019219653095961728
0.026910672608194255
0.029327872499856314
0.02815004293959324
0.012525487677485493
0.008045227039847393
0.01723519751244336
0.024669278021994236
0.023154528391110794
0.028993927133739578
0.028606003719118565
0.01619726000071414
0.019867914934324164
0.0061080120478685185
0.005671103360187959
0.01911624413572517
0.01666621692115106
0.017495036236216517
0.0333860294410432
0.024438145907449534
0.024849650909943594
0.009240980780202843
0.012467715592812399
0.01550078611453682
0.018786796913104007
0.01693887877676039
0.029424071566196648
0.027400994857897862
0.011811002315453989
0.004978276244937152
0.002294209917958287
0.014289428767493732
0.02009092223706863
0.02035056757010669
0.021839188880158702
0.027878403079308157
0.022971954464416952
0.0090214901338956
0.003477478312428499
0.017153048711062234
0.018900126235690748
0.027847542718811156
0.015161339735330615
0.028013460484615414
0.023981199256414145
0.008141585882461753
0.007827854906095619
0.013866349604004641
0.014171141842552122
0.02725668688059671
0.0345738649015936
0.021343774301473026
0.02891222708640496
0.008386060557762353
0.009579327890985671
0.015509471726538663
0.031161777051087202
0.018204194919158978
0.016885337360774764
0.02610842362682018
0.019125515315320366
0.01030218173710265
0.013150164546886493
0.0047024773212323194
0.025576981637263137
0.02574337253085989
0.02172013356236086
0.027076939995243132
0.02567239247081639
0.015818515682700426
0.006510435205746008
0.018270919796368773
0.019862263565075502
0.026451296311099614
0.02949020837380891
0.02391187509363261
0.011268499201481355
0.022847826773141
0.017369181178658457
0.01894585907441758
0.02371616486966413
0.019896794790088993
0.016991239090791525
0.024362855513520406
0.028296580458068165
0.011302023343370373
0.004832970068377134
0.009772047166059608
0.019358597981836166
0.04024283158421124
0.022877569473471863
0.021938907882561254
0.02337128486500904
0.006533680411607023
0.01006992345865987
0.0055321733340565026
0.0060429132608087925
0.024652089055102726
0.02731170175652218
0.03525257365420153
0.016080049654830883
0.023552815465295848
0.008553999524555057
0.006256937953587566
0.02117660181425728
0.05604478121342462
0.02860917142532926
0.01743992197930842
0.016198221180088845
0.012201296689984773
0.007766071476500718
0.01878466633946136
0.013849089315418093
0.019410421151633127
0.02498939959221443
0.029011240341019377
0.01887788564202295
0.007158323597892156
0.011962097497548868
0.011156763925519205
0.009979748108185714
0.0635387672122281
0.09625912506136002
0.043853447444610186
0.03781503357811873
0.007476837964794161
0.008458220325194658
0.01088027607588893
0.024583102127932122
0.036067337702633
0.017848624876157612
0.030517281081911925
0.03161399491465913
0.01778224701467031
0.006575704866961079
0.009748073925700257
0.014394321124485618
0.012169854347348805
0.05632264780461795
0.03644701316273204
0.03224788516256109
0.010178327144648516
0.01432402923957103
0.012442213852129635
0.03456069267779244
0.03661516448532653
0.027634771974439747
0.01895715768501355
0.0254601339068318
0.021304133319702618
0.014307669320615305
0.017106572399960863
0.030434919855348377
0.029238363445969504
0.018913115851892294
0.027536571476727396
0.008900447285119602
0.026129233163134608
0.0037740854895051265
0.01400117053673953
0.029810414851311938
0.027025148148105044
0.03106518969442591
0.017962255036156363
0.013642264303934261
0.01973426244543966
0.01710573332212672
0.010574064574057773
0.014622844697560658
0.02874419177663307
0.03792380386613
0.031462080279309496
0.019161274341985477
0.01595551984774199
0.006161403033327282
0.02054994885509637
0.013993676526454816
0.022454235772776124
0.03732615135636011
0.0303686338259017
0.019065483950942774
0.022459510184089013
0.006114040740988832
0.023384822988500215
0.01107762235850523
0.029040730403239193
0.0869495715668653
0.03181164130061064
0.010499640246473606
0.017422487648323843
0.009478019639407372
0.023879505825325588
0.01861112285287929
0.02213596551885197
0.034114387244864215
0.02704351747443527
0.0278506208472323
0.015366839119097055
0.0023825024415912274
0.017375496636915875
0.021789895595963067
0.02465428892283644
0.03934347121411961
0.01665652210507309
0.02257334091168256
0.017836001410905133
0.01279197095082628
0.017993687401005477
0.011493336070095051
0.026121606077697077
0.0378381198172132
0.03561764735442342
0.025976756316484877
0.012714149405669683
0.005291364891240477
0.021038958108431094
0.02145699476192422
0.027123094035199153
0.03768431955475429
0.0365895114914172
0.023467790560870682
0.011745914766625691
0.012111003838162795
0.02493919871379663
0.018357583998045584
0.03231529471951485
0.028387124191591298
0.03332236559550946
0.030579488728392525
0.010796778001894637
0.01183051394956018
0.026768193933201172
0.024376473488080905
0.027275556432653114
0.04959763381172773
0.047487128290603774
0.020827650835199413
0.016901428724479573
0.005704206282595108
0.021682857690437107
0.013454197487644148
0.037048754670403805
0.026479446805152067
0.03282812149180733
0.01931211897315787
0.020632997508619362
0.0069634404839778695
0.005689745789420068
0.020517069167500235
0.03852568223473585
0.04748621113589383
0.026329770078129897
0.022735795273138123
0.025925775128007707
0.0095610313014934
0.014638965419394644
0.03285023731406701
0.03501092633993001
0.047605901840193386
0.0247801504029402
0.01623654746009463
0.014474836301434583
0.011027706492585618
0.01793134016170324
0.027167946978232584
0.030054995654435136
0.04181176262014761
0.021824556032563655
0.03310965479409357
0.013547475553425026
0.007006350852226125
0.018282629158507285
0.03285597067799185
0.024484480110393097
0.04505236816130038
0.02453177804746291
0.014574938925223924
0.013935516859181157
0.0038627025434840078
0.017553581820490764
0.019551272205004057
0.03587568452954312
0.045752778475437184
0.025468557813804395
0.022298943120297263
0.02662484135609982
0.010508634601086496
0.019401031488215703
0.021578890741741494
0.031550509324357906
0.03666651840722292
0.03377397790752848
0.02550816014263155
0.014498999783174434
0.009214641363211047
0.01107989488574082
0.02019817707933915
0.03147722163998388
0.04641496246461518
0.0425625233447319
0.02541540522834458
0.008559633774217907
0.016604193647486543
0.023468384868751087
0.032318491555814365
0.027621660948768993
0.036624475924311076
0.034905970578514196
0.031400179409007786
0.01493703638621167
0.010477131784112989
0.013158565394486574
0.03563843872854716
0.04573121101904296
0.03267015969278819
0.023764361560819736
0.023997951361238876
0.020095436424727116
0.01881721843483518
0.010469788339324089
0.027627196756720946
0.033382598721850926
0.044111281766932985
0.032595636795751996
0.012276672613069034
0.013803655978082741
0.01143888998957898
0.014403907396577879
0.023307413548339716
0.025693688360793884
0.060692359759695634
0.046993756794248734
0.025402118491245896
0.026387086474719892
0.014284104474201958
0.01916575363412206
0.03223655859415591
0.03407911876141618
0.03680981158999399
0.04397211493071733
0.03732960106191954
0.016401111064109138
0.012619471727829984
0.01891990998517936
0.043022293400189815
0.08017970277198279
0.03769758987293835
0.04646365377393441
0.042891535970890175
0.02488952872996671
0.014188686824504066
0.014920420091985485
0.0321354663634057
0.04385270346220457
0.044028428947232946
0.03808876280264278
0.04105768521783516
0.01639265041187333
0.0054025374874779675
0.03150990483853995
0.08323374307289634
0.04392118933945303
0.038693506650131146
0.02627514787190859
0.03200996192665402
0.02627821165283241
0.00423022119065759
0.016643010749884453
0.022231002367359413
0.04633174284848257
0.03267130838294011
0.03357135909279814
0.04459819553632845
0.01594098118502378
0.015806200993695983
0.01874537123866475
0.03347861665084677
0.04721056992022965
0.03908213546628352
0.038373862304865766
0.037204170162495456
0.033782656984280214
0.01784888572359769
0.024405998553500504
0.04619932981009744
0.03550647948071897
0.04341072143813677
0.04561614005663456
0.0319558711551901
0.01249863644033739
0.027968018425090183
0.04996389103027221
0.10627933344746
0.05581359702322541
0.045946214162103
0.029737737542075166
0.026657978987544004
0.02365724166273701
0.023487083553266033
0.029924184570046784
0.04153879782918195
0.0313837607835883
0.04180692963966352
0.04333024798554761
0.03419330829288351
0.03284987950230327
0.007694279417725198
0.023476509698979388
0.039159416546760056
0.029714197359780422
0.03980499324905773
0.04541949432609652
0.03288472389331013
0.02506063828321886
0.007135053003922704
0.017811401742833848
0.028692283424163068
0.050258407933041864
0.048142589756773595
0.04028388213516446
0.0366439012104959
0.028060197625341496
0.010214088676450486
0.03180483942416632
0.03802196737034461
0.05782776088857521
0.04080630038819148
0.042043083156046525
0.037304420881835894
0.008214267292639884
0.027834239197606653
0.02448887366590437
0.033781422168556785
0.051948250764530725
0.03852762052315152
0.05100476503608482
0.031144715416816827
0.04435918244413687
0.10102048376813504
0.06253370355060159
0.061696914519153975
0.03907764445302161
0.057659587656346864
0.0672880762771237
0.02467665408633927
0.008597062103889996
0.01804913635383059
0.015133356791320987
0.037028495773176184
0.04198333156070186
0.04182619690807105
0.05707629779910636
0.046722768732806036
0.022768685646342213
0.025071772095479714
0.018597218630164922
0.04688711779432216
0.06376213798220386
0.03849702259380222
0.05024442568606992
0.037590035003586764
0.02320354661005295
0.011616690715204969
0.041618788928110315
0.05144655467144229
0.038887604714423124
0.05386055179202316
0.05897938337536301
0.03270554279014527
0.041649208599580795
0.010075519177461432
0.015049236736207288
0.023392021779213155
0.0431373824263777
0.05379937157884841
0.04361902874831701
0.04691484087138197
0.023030963954853007
0.022895342861104947
0.02212634069738667
0.03656265656615273
0.05383850362805132
0.05656566552153994
0.04535095867720687
0.0451666438545129
0.029954683139802374
0.0014624503998010043
0.03790166079648374
0.0279208509260164
0.04857936988317527
0.06774696780238276
0.039189466812228485
0.023929049071406295
0.045529700342756614
0.020947710279039383
0.013792260344764922
0.03161788321601206
0.04011401988712604
0.05458373748318902
0.06650690933411894
0.18341734520481914
0.055887765802568275
0.01735763724072141
0.06622093457744095
0.051975326034750566
0.051239768708662405
0.07797643097639158
0.06301211351631969
0.0574653969834369
0.02789301768140257
0.027640011060883315
0.03422079232514429
0.05764190347690606
0.08989954850361204
0.12079489309682889
0.23914776099665003
0.25370441132086397
0.039443645667538794
0.0253084163921255
0.06816096361943313
0.0536799699428619
0.04389692777191881
0.04902454371619403
0.03489503180647088
0.01052438323688058
0.018062540788739704
0.04055871326462767
0.06514908776328755
0.06270978408459522
0.050472288453035724
0.019282836563391314
0.2525937497517818
0.14578591030995866
0.0802216141938274
0.03981240230068669
0.008418563903939656
0.036328106898621565
0.07113219595738363
0.05525199893285372
0.0541484768357505
0.05823246896727828
0.027395581968079376
0.021195336929451226
0.02385939813477331
0.04877173392259622
0.07150825251507631
0.02292300945566538
0.06721018818622967
0.0602714076162618
0.05348275374736033
0.010712019678897223
0.03155454990894541
0.032902573550772925
0.06877060835019039
0.05723950034859102
0.0749635141337135
0.07843369451324561
0.02136319885909551
0.017917604054418477
0.03364632195141652
0.0430403346268918
0.051600526294222855
0.1199370267487394
0.09639111030975789
0.028709628831204335
0.04218734657781918
0.01762606749755929
0.03998902429503173
0.045113569308635755
0.0845754945849331
0.08608746253603275
0.08690503687757269
0.061325727739774905
0.012828621052142232
0.023432819550240177
0.021252668986819424
0.046910713809469345
0.12771254609000807
0.08068361272529014
0.06334961361512007
0.05398533017477186
0.033994778934703034
0.009945865990806147
0.023090678185330442
0.05597225576852926
0.11039201994307826
0.07535505844518095
0.09070173745141138
0.05866466242853914
0.03251395736229978
0.009961268679963053
0.09135768293213443
0.24928845493280505
0.09905640011267643
0.023927133426390634
0.03524645526475019
0.0597280396855347
0.07232178150917201
0.010634288960851255
0.009383899020242356
0.04163074964509736
0.043063598782202145
0.08284599453109921
0.09812983692901592
0.07645858121084913
0.07301601538749088
0.07708090945102426
0.38118850583702935
0.38892616579437184
0.14541205377780062
0.09499543732829745
0.06939148274821648
0.040705531684931004
0.009406251070585275
0.0410770972767483
0.025039209473462987
0.07734751101155404
0.08625378110924102
0.10181847174148044
0.0827245180443561
0.09033713238159069
0.13025827184244376
0.19319736393734982
0.522450366695103
0.11729538374344703
0.05071610868874134
0.05572555955614467
0.05440778819661131
0.05392775450525466
0.04807160141843272
0.06316679190345731
0.07568075173028149
0.023021008954114783
0.009241587433892518
0.05363402130459341
0.07106399980660999
0.08631393409344243
0.11226116115397165
1.1056440686044526
0.3184111088862981
0.26884675962993243
0.2506283552116995
0.19563238972884417
0.15718229136153652
0.07076310019407302
0.05824609937498719
0.07601176478179768
0.12763623866145243
0.12967645908859105
0.10552850278727555
0.11138813055790293
0.08224515360076133
0.05984922512696805
0.6543763364882088
0.18044939877831462
0.15702819818341276
0.1551286442487424
0.16280961133463012
0.19845307747458876
0.11414422856178502
0.08227143513094459
0.028393881193831873
0.06281556228185048
0.1313281566783328
0.14800965263688048
0.132272526807281
0.13628910950735512
0.0766169580659022
0.1706667410635695
0.31818934874372834
0.088269527591222
0.10891622806499768
0.1468495719541305
0.14749167051522377
0.1681552223672148
0.1527182822751927
0.1037311158496464
0.06342233726648562
0.04356876985860332
0.09742207826791117
0.1653677181034686
0.18410858497985766
0.17104602258573084
0.21774610593297086
0.5359744737674774
0.1411504305928986
0.07322740649796207
0.14508372077395304
0.17106341019598964
0.18294416976665107
0.2155252906868708
0.18820327228441708
0.1460909981495828
0.10158955687195681
0.11444094515210691
0.177433685638412
0.3028281263627477
0.3665750492417161
0.43495006686429594
0.63673532443131
0.15081927767594072
0.10317554464910217
0.11272554241440333
0.11079351846917183
0.17544443997175033
0.16496921340171875
0.18309733424340763
0.18156193826241654
0.160780000785443
0.24523062565076015
0.34762256300149014
0.4640623075020595
0.5744495296234241
0.701129441377572
3.6162362045525756
0.6644523304464935
0.6141661191286465
0.47729597901473997
0.29927666666465885
0.21105705557543913
0.20115771131764273
0.2519110022187966
0.28432239533320075
0.38534617325658355
0.37384168536165685
0.31651368106013306
0.17537079557263913
0.04964224402571576
0.283279003973328
2.488235898579378
0.5888881347335402
0.2713074851288146
0.10993077400253944
0.1705159907260366
0.15620007455336155
0.20388236122981857
0.24613355637648968
0.29552378924275585
0.270191428791718
0.2036006994420109
0.13589457095248172
0.1069351669726234
0.3937583908078998
1.024165640687808
5.829481741445949
4.8660785416369166
1.9434418202952606
1.0689775902496486
0.5289345476301922
0.12411466820564632
0.4021984905958232
0.7546156156791034
1.0353439463429555
1.0681172020478134
1.026736428420259
0.6515750543962076
0.18819497679472266
1.1933258749546092
3.577185700642541
10.965596608513378
14.022052903112215
2.9648299553502113
0.9223508319455826
1.3079417967869311
1.886106729528397
1.9523800557232125
1.8108408886773835
1.3863600134732155
0.827894992109046
0.8352385778760355
1.7400258768962678
2.9838811735124655
4.461059337886969
6.344676250152133
10.57368005282542
29.312389289944605
2.5158414933704796
2.2180443247292723
2.328679649831983
1.5034111287142522
3.1720472171118073
1.2957364881468096
1.1680565040023752
0.910019469859988
0.5564306959172516
0.1194531735689473
0.80992496434427
1.1201321941409645
1.3952004980263377
1.122651571924282
