buf 1 of 46 length=1792
0.030761719
0.032318115
0.033966064
0.035125732
0.03656006
0.038116455
0.03866577
0.038482666
0.03668213
0.034057617
0.032470703
0.031311035
0.029815674
0.02935791
0.028381348
0.027801514
0.027740479
0.027801514
0.027679443
0.027404785
0.027740479
0.027069092
0.026794434
0.02532959
0.023132324
0.021453857
0.019866943
0.018798828
0.018737793
0.01864624
0.017028809
0.016143799
0.013916016
0.011871338
0.011199951
0.011291504
0.011657715
0.011871338
0.013000488
0.013031006
0.013671875
0.0152282715
0.016967773
0.019134521
0.021209717
0.023345947
0.025604248
0.0284729
0.029907227
0.030853271
0.032440186
0.032958984
0.03225708
0.030670166
0.028961182
0.026977539
0.025878906
0.025726318
0.025482178
0.024871826
0.023956299
0.022460938
0.020355225
0.017608643
0.015136719
0.012176514
0.008300781
0.003753662
3.9672852E-4
-0.0020751953
-0.0047912598
-0.0070495605
-0.009063721
-0.011260986
-0.0132751465
-0.01626587
-0.01928711
-0.023010254
-0.026763916
-0.03048706
-0.034240723
-0.03753662
-0.041534424
-0.044281006
-0.047027588
-0.048614502
-0.0496521
-0.050720215
-0.051635742
-0.052337646
-0.053527832
-0.054260254
-0.05456543
-0.053741455
-0.052246094
-0.051116943
-0.049591064
-0.04837036
-0.04486084
-0.040527344
-0.03643799
-0.032806396
-0.028900146
-0.025848389
-0.023223877
-0.020599365
-0.01828003
-0.01626587
-0.014007568
-0.012054443
-0.010223389
-0.008422852
-0.007232666
-0.0060424805
-0.0056152344
-0.005279541
-0.005432129
-0.0053100586
-0.005432129
-0.005859375
-0.0052490234
-0.0040283203
-0.0015869141
8.8500977E-4
0.003112793
0.0062561035
0.009460449
0.012390137
0.014129639
0.01626587
0.018981934
0.021606445
0.02368164
0.025848389
0.027954102
0.029388428
0.03125
0.032073975
0.033172607
0.035491943
0.03665161
0.036712646
0.03552246
0.03338623
0.03112793
0.029296875
0.028503418
0.026977539
0.025909424
0.02557373
0.024932861
0.024475098
0.024414062
0.023864746
0.024017334
0.024414062
0.023651123
0.023345947
0.022033691
0.019622803
0.018188477
0.017211914
0.016479492
0.016082764
0.015411377
0.013763428
0.012207031
0.011108398
0.009399414
0.009185791
0.009552002
0.0093688965
0.009918213
0.010040283
0.009979248
0.011566162
0.014373779
0.015808105
0.017852783
0.020385742
0.02279663
0.025299072
0.027496338
0.029388428
0.030944824
0.032165527
0.032165527
0.031066895
0.029449463
0.027709961
0.026428223
0.02609253
0.02532959
0.025146484
0.024963379
0.023590088
0.021881104
0.020263672
0.018005371
0.01461792
0.010772705
0.006866455
0.0031738281
-3.0517578E-5
-0.0031738281
-0.0054626465
-0.0076293945
-0.009857178
-0.012084961
-0.014831543
-0.017578125
-0.021057129
-0.02420044
-0.027770996
-0.031585693
-0.03579712
-0.039978027
-0.043518066
-0.04598999
-0.04864502
-0.050964355
-0.051940918
-0.05319214
-0.0541687
-0.05545044
-0.056518555
-0.05731201
-0.05609131
-0.05505371
-0.05517578
-0.053833008
-0.05154419
-0.04937744
-0.045806885
-0.041503906
-0.037597656
-0.033721924
-0.029663086
-0.026733398
-0.024658203
-0.022399902
-0.019836426
-0.017486572
-0.015258789
-0.013153076
-0.011962891
-0.010345459
-0.009429932
-0.009063721
-0.008087158
-0.007232666
-0.007232666
-0.007171631
-0.008087158
-0.0078125
-0.0070495605
-0.00592041
-0.003967285
-9.1552734E-4
0.002532959
0.005554199
0.008056641
0.0101623535
0.012451172
0.015045166
0.018005371
0.019622803
0.02154541
0.024139404
0.025604248
0.026641846
0.028045654
0.029754639
0.03173828
0.033843994
0.033599854
0.032989502
0.031402588
0.029663086
0.028167725
0.026916504
0.025238037
0.024719238
0.024353027
0.022918701
0.022399902
0.021820068
0.021270752
0.021697998
0.02243042
0.022705078
0.021392822
0.020355225
0.018920898
0.016296387
0.015075684
0.014770508
0.013977051
0.014099121
0.012939453
0.010803223
0.009002686
0.007537842
0.006378174
0.0067443848
0.0072021484
0.006591797
0.0072021484
0.008026123
0.009307861
0.010375977
0.012084961
0.013763428
0.016296387
0.019042969
0.0211792
0.023468018
0.025756836
0.028015137
0.030395508
0.03137207
0.030303955
0.02923584
0.027435303
0.025268555
0.024383545
0.023864746
0.023376465
0.02243042
0.02154541
0.020812988
0.019042969
0.017486572
0.014587402
0.010650635
0.0065612793
0.0020141602
-0.0017089844
-0.0050354004
-0.008361816
-0.010498047
-0.012054443
-0.014312744
-0.016540527
-0.019897461
-0.022827148
-0.026275635
-0.030456543
-0.034332275
-0.038391113
-0.042144775
-0.045562744
-0.049041748
-0.052124023
-0.054504395
-0.055877686
-0.056396484
-0.057800293
-0.060516357
-0.06188965
-0.062286377
-0.0619812
-0.061401367
-0.060913086
-0.060333252
-0.058898926
-0.056610107
-0.053833008
-0.05026245
-0.045776367
-0.04159546
-0.037017822
-0.03363037
-0.030517578
-0.027282715
-0.024932861
-0.02255249
-0.020355225
-0.017974854
-0.01626587
-0.01461792
-0.013671875
-0.012908936
-0.011688232
-0.010650635
-0.01083374
-0.011138916
-0.011047363
-0.011108398
-0.011047363
-0.010131836
-0.0087890625
-0.0062561035
-0.0025024414
0.0012512207
0.0035705566
0.0065307617
0.009613037
0.011169434
0.013427734
0.01626587
0.018676758
0.020874023
0.023162842
0.023986816
0.024932861
0.027008057
0.02935791
0.031341553
0.032409668
0.031951904
0.031402588
0.030822754
0.02923584
0.027893066
0.026245117
0.025146484
0.024383545
0.024505615
0.022918701
0.022277832
0.022460938
0.022338867
0.022888184
0.024047852
0.023895264
0.02267456
0.021392822
0.019866943
0.018707275
0.017791748
0.017364502
0.01663208
0.016204834
0.014556885
0.012756348
0.011047363
0.010681152
0.010620117
0.010894775
0.010437012
0.010467529
0.011108398
0.012084961
0.0128479
0.014282227
0.016723633
0.018341064
0.021362305
0.023498535
0.026153564
0.029022217
0.03213501
0.034057617
0.035095215
0.03616333
0.03466797
0.03286743
0.031097412
0.029449463
0.028961182
0.028198242
0.027130127
0.026733398
0.025726318
0.024597168
0.023010254
0.020812988
0.01739502
0.013336182
0.009124756
0.0045776367
0.0012512207
-0.0024108887
-0.0056152344
-0.008331299
-0.010192871
-0.012329102
-0.014678955
-0.01751709
-0.020996094
-0.024719238
-0.028717041
-0.033081055
-0.03729248
-0.040100098
-0.04434204
-0.04901123
-0.051574707
-0.05303955
-0.055023193
-0.05657959
-0.058563232
-0.060668945
-0.061828613
-0.061920166
-0.061523438
-0.061462402
-0.06048584
-0.059326172
-0.057769775
-0.05596924
-0.05267334
-0.048919678
-0.045043945
-0.04067993
-0.037078857
-0.033935547
-0.030578613
-0.027923584
-0.025878906
-0.024291992
-0.02154541
-0.019042969
-0.0178833
-0.016601562
-0.014953613
-0.014587402
-0.013641357
-0.012939453
-0.013061523
-0.013031006
-0.012969971
-0.0138549805
-0.014221191
-0.012481689
-0.010223389
-0.0077819824
-0.0053100586
-0.0022583008
5.493164E-4
0.003692627
0.0058898926
0.008026123
0.010406494
0.013153076
0.015655518
0.017364502
0.01864624
0.019958496
0.022521973
0.024505615
0.026397705
0.027923584
0.028747559
0.028503418
0.027862549
0.02633667
0.023956299
0.02279663
0.022064209
0.020935059
0.020690918
0.020324707
0.018829346
0.018493652
0.018493652
0.018920898
0.01965332
0.020233154
0.020141602
0.018981934
0.017547607
0.015899658
0.014984131
0.014709473
0.014770508
0.01449585
0.012969971
0.011566162
0.010528564
0.009857178
0.009185791
0.008636475
0.008911133
0.0095825195
0.010375977
0.011688232
0.012420654
0.013336182
0.01550293
0.018035889
0.01977539
0.02243042
0.025726318
0.02835083
0.031951904
0.03451538
0.036987305
0.038879395
0.03878784
0.037597656
0.035858154
0.03463745
0.0335083
0.03302002
0.03213501
0.03125
0.031311035
0.03012085
0.029418945
0.028167725
0.025360107
0.021911621
0.018249512
0.013549805
0.0093688965
0.0058898926
0.0029907227
3.0517578E-5
-0.0019836426
-0.0054016113
-0.0082092285
-0.010528564
-0.012908936
-0.01638794
-0.020477295
-0.023590088
-0.027770996
-0.032226562
-0.03668213
-0.040252686
-0.043395996
-0.04559326
-0.047729492
-0.04977417
-0.0524292
-0.05404663
-0.05480957
-0.055267334
-0.055480957
-0.055786133
-0.055023193
-0.05456543
-0.053588867
-0.051605225
-0.049102783
-0.045776367
-0.041534424
-0.03753662
-0.03427124
-0.030090332
-0.026794434
-0.024719238
-0.021697998
-0.019378662
-0.017700195
-0.015472412
-0.013366699
-0.012756348
-0.010925293
-0.0093688965
-0.009338379
-0.008758545
-0.00869751
-0.008148193
-0.008605957
-0.009185791
-0.009979248
-0.0095825195
-0.008422852
-0.006652832
-0.004760742
-0.0015869141
0.0018310547
0.0049743652
0.007537842
0.009155273
0.011291504
0.014160156
0.016479492
0.017608643
0.019470215
0.020050049
0.021392822
0.023986816
0.025970459
0.027313232
0.02911377
0.029571533
0.02923584
0.027709961
0.02532959
0.023895264
0.022857666
0.022094727
0.021057129
0.020263672
0.019042969
0.017974854
0.018188477
0.018432617
0.01876831
0.019012451
0.01889038
0.018432617
0.017120361
0.015350342
0.014404297
0.0146484375
0.014282227
0.013793945
0.0126953125
0.0115356445
0.009765625
0.008911133
0.008422852
0.007232666
0.0074768066
0.007873535
0.007965088
0.00869751
0.009094238
0.010437012
0.012451172
0.014160156
0.016052246
0.0184021
0.020935059
0.023956299
0.027008057
0.030059814
0.03302002
0.034942627
0.035614014
0.034606934
0.03378296
0.032409668
0.030822754
0.029907227
0.029022217
0.02810669
0.027923584
0.027404785
0.026428223
0.025543213
0.024108887
0.020568848
0.016967773
0.013183594
0.008453369
0.0041503906
0.0013427734
-0.0013122559
-0.004180908
-0.0065612793
-0.009124756
-0.011413574
-0.014770508
-0.018157959
-0.021026611
-0.023712158
-0.027801514
-0.032287598
-0.036987305
-0.041290283
-0.044311523
-0.046875
-0.048828125
-0.051483154
-0.053894043
-0.05508423
-0.056396484
-0.057525635
-0.05758667
-0.057495117
-0.056671143
-0.05645752
-0.056152344
-0.055480957
-0.05291748
-0.050231934
-0.047027588
-0.043121338
-0.038513184
-0.0345459
-0.030456543
-0.027008057
-0.025238037
-0.021392822
-0.018859863
-0.016937256
-0.015594482
-0.013916016
-0.012542725
-0.01184082
-0.01071167
-0.0093688965
-0.008361816
-0.007843018
-0.008270264
-0.008483887
-0.00881958
-0.008850098
-0.0075683594
-0.0068359375
-0.0052490234
-0.0014343262
0.0024719238
0.004486084
0.0067749023
0.0087890625
0.011291504
0.014038086
0.016937256
0.018463135
0.019592285
0.020904541
0.022613525
0.02456665
0.026947021
0.028778076
0.030700684
0.032196045
0.03201294
0.03149414
0.030090332
0.02798462
0.026824951
0.025482178
0.024963379
0.024230957
0.023010254
0.021728516
0.020843506
0.021087646
0.020874023
0.021759033
0.022735596
0.022277832
0.020599365
0.019226074
0.018157959
0.017456055
0.017150879
0.016937256
0.015991211
0.0146484375
0.013549805
0.012207031
0.011077881
0.0101623535
0.010345459
0.01071167
0.010284424
0.010070801
0.010681152
0.011657715
0.012756348
0.014831543
0.016571045
0.018981934
0.020965576
0.023895264
0.026611328
0.030181885
0.033416748
0.036132812
0.03756714
0.03756714
0.03643799
0.03564453
0.03466797
0.03277588
0.031463623
0.030822754
0.030303955
0.029632568
0.029022217
0.02822876
0.026641846
0.024475098
0.02130127
0.016571045
0.011962891
0.0076904297
0.0038757324
9.1552734E-4
-0.0024108887
-0.0051879883
-0.0071105957
-0.009918213
-0.013153076
-0.01574707
-0.01864624
-0.021942139
-0.024902344
-0.029296875
-0.03488159
-0.038909912
-0.042266846
-0.04574585
-0.04776001
-0.049865723
-0.05255127
-0.054626465
-0.05645752
-0.058380127
-0.05911255
-0.058502197
-0.058624268
-0.058380127
-0.057861328
-0.056854248
-0.055877686
-0.05343628
-0.050598145
-0.04748535
-0.042999268
-0.03878784
-0.03491211
-0.031280518
-0.028137207
-0.024932861
-0.022216797
-0.020599365
-0.018249512
-0.015930176
-0.015014648
-0.014587402
-0.012786865
-0.011962891
-0.010803223
-0.009613037
-0.0101623535
-0.011108398
-0.010925293
-0.011230469
-0.011657715
-0.0107421875
-0.009002686
-0.006591797
-0.0035705566
-9.765625E-4
0.0014648438
0.004180908
0.0071411133
0.0095825195
0.012176514
0.014373779
0.015716553
0.017486572
0.018920898
0.020080566
0.021362305
0.023956299
0.026245117
0.027496338
0.02835083
0.028137207
0.026733398
0.025054932
0.023986816
0.023071289
0.022583008
0.020721436
0.019561768
0.018829346
0.01763916
0.01727295
0.01751709
0.01828003
0.018859863
0.019165039
0.018188477
0.016906738
0.016204834
0.015686035
0.01550293
0.014984131
0.014251709
0.013763428
0.012481689
0.01083374
0.009613037
0.0087890625
0.0082092285
0.008056641
0.008758545
0.008728027
0.009429932
0.0101623535
0.0115356445
0.01260376
0.0146484375
0.016998291
0.018585205
0.021606445
0.024749756
0.02859497
0.032318115
0.035339355
0.036895752
0.038208008
0.038146973
0.037506104
0.03652954
0.035217285
0.033477783
0.032104492
0.03201294
0.031433105
0.030670166
0.030273438
0.029907227
0.02859497
0.0256958
0.021759033
0.017608643
0.0134887695
0.009277344
0.00579834
0.0027770996
-4.272461E-4
-0.0028686523
-0.005493164
-0.008850098
-0.011749268
-0.014160156
-0.016723633
-0.020080566
-0.024047852
-0.028289795
-0.033416748
-0.037078857
-0.04046631
-0.044067383
-0.046203613
-0.048339844
-0.050994873
-0.053131104
-0.05505371
-0.056121826
-0.055999756
-0.056152344
-0.05596924
-0.055480957
-0.054626465
-0.05432129
-0.052886963
-0.050201416
-0.04714966
-0.04269409
-0.03866577
-0.034973145
-0.030548096
-0.026184082
-0.02368164
-0.020965576
-0.017822266
-0.015655518
-0.013702393
-0.012420654
-0.011962891
-0.011260986
-0.009674072
-0.008148193
-0.0082092285
-0.0067749023
-0.006652832
-0.0068969727
-0.007446289
-0.008331299
-0.008148193
-0.007659912
-0.005279541
-0.0028381348
3.3569336E-4
0.0024108887
0.0049743652
0.008178711
0.011352539
0.014404297
0.01663208
0.018493652
0.020507812
0.021942139
0.023223877
0.024505615
0.02633667
0.028259277
0.029541016
0.031463623
0.03137207
0.030059814
0.028778076
0.02746582
0.0262146
0.024902344
0.023620605
0.02230835
0.021148682
0.019134521
0.018157959
0.018157959
0.018371582
0.019165039
0.019470215
0.01876831
0.017364502
0.016571045
0.015960693
0.01473999
0.0140686035
0.0140686035
0.013244629
0.011962891
0.010681152
0.009307861
0.008422852
0.007873535
0.0071411133
0.0071411133
0.007537842
0.007171631
0.0076904297
0.008605957
0.00982666
0.0113220215
0.013366699
0.014984131
0.016357422
0.019866943
0.023345947
0.02645874
0.029724121
0.03225708
0.03387451
0.03451538
0.034820557
0.03375244
0.03250122
0.031158447
0.029907227
0.028564453
0.02734375
0.026611328
0.026123047
0.026641846
0.024932861
0.023132324
0.020690918
0.017028809
0.012786865
0.008270264
0.0032043457
-4.8828125E-4
-0.002960205
-0.00491333
-0.007598877
-0.010803223
-0.013366699
-0.01663208
-0.018920898
-0.022583008
-0.027374268
-0.031311035
-0.035736084
-0.039764404
-0.04348755
-0.046142578
-0.049438477
-0.051635742
-0.053955078
-0.057281494
-0.058898926
-0.060272217
-0.060668945
-0.060546875
-0.060638428
-0.06048584
-0.05935669
-0.05960083
-0.0592041
-0.05657959
-0.05328369
-0.049987793
-0.045074463
-0.040618896
-0.036987305
-0.032928467
-0.029266357
-0.02645874
-0.02331543
-0.020080566
-0.0178833
-0.016723633
-0.015380859
-0.014190674
-0.012451172
-0.010986328
-0.009643555
-0.008300781
-0.0070495605
-0.006591797
-0.0072631836
-0.0079956055
-0.0082092285
-0.0072021484
-0.005554199
-0.0032043457
-6.1035156E-5
0.0027160645
0.005706787
0.008422852
0.01159668
0.014129639
0.01687622
0.019073486
0.020385742
0.022491455
0.02444458
0.026062012
0.027130127
0.029632568
0.032165527
0.0335083
0.0340271
0.033966064
0.03277588
0.03100586
0.029876709
0.028503418
0.02758789
0.02709961
0.02532959
0.023864746
0.022003174
0.021575928
0.022369385
0.022766113
0.022521973
0.021911621
0.020843506
0.019836426
0.019348145
0.018585205
0.017425537
0.01675415
0.01675415
0.015258789
0.014312744
0.013153076
0.011230469
0.010467529
0.009765625
0.009521484
0.009613037
0.009552002
0.009643555
0.010253906
0.011810303
0.0134887695
0.0140686035
0.015808105
0.017730713
0.020050049
0.023071289
0.026977539
0.030395508
0.03302002
0.03552246
0.036956787
0.037902832
0.0368042
0.03564453
0.033935547
0.031982422
0.030059814
0.028442383
0.028289795
0.028320312
0.028259277
0.026947021
0.025634766
0.023345947
0.020477295
0.015625
0.011108398
0.0068969727
0.0025024414
-2.4414062E-4
-0.0028686523
-0.0067443848
-0.010528564
-0.012329102
-0.014587402
-0.017120361
-0.020080566
-0.023620605
-0.02798462
-0.032714844
-0.03717041
-0.0418396
-0.045196533
-0.04849243
-0.051635742
-0.05444336
-0.057647705
-0.059936523
-0.061828613
-0.0640564
-0.064331055
-0.063323975
-0.06350708
-0.06326294
-0.06286621
-0.06188965
-0.06085205
-0.058776855
-0.055786133
-0.052490234
-0.04748535
-0.043426514
-0.039520264
-0.035491943
-0.032165527
-0.028289795
-0.02444458
-0.022583008
-0.020507812
-0.01889038
-0.017486572
-0.016296387
-0.014862061
-0.014099121
-0.012451172
-0.010345459
-0.009643555
-0.009735107
-0.010314941
-0.011047363
-0.010437012
-0.009399414
-0.008270264
-0.005706787
-0.0031738281
3.0517578E-5
0.0027770996
0.006500244
0.009918213
0.012237549
0.01449585
0.01687622
0.017944336
0.01940918
0.02053833
0.022827148
0.024993896
0.027496338
0.029083252
0.030212402
0.030944824
0.030792236
0.029785156
0.027770996
0.027038574
0.026275635
0.025787354
0.024261475
0.022064209
0.02078247
0.019958496
0.020141602
0.0206604
0.020690918
0.020568848
0.020843506
0.01977539
0.018188477
0.01828003
0.017730713
0.017669678
0.017669678
0.016937256
0.015655518
0.014343262
0.012908936
0.01184082
0.011260986
0.0105896
0.010253906
0.010406494
0.010284424
0.010986328
0.012145996
0.013000488
0.014190674
0.015930176
0.017547607
0.019348145
0.022460938
0.0262146
0.029754639
0.033050537
0.035858154
0.037719727
0.038513184
0.039123535
0.038848877
0.037353516
0.03591919
0.033355713
0.03149414
0.030639648
0.03060913
0.029968262
0.029937744
0.02923584
0.027313232
0.024963379
0.020599365
0.01586914
0.011505127
0.0075683594
0.00390625
6.713867E-4
-0.0026245117
-0.006591797
-0.009307861
-0.011932373
-0.0146484375
-0.017425537
-0.020996094
-0.025299072
-0.030090332
-0.03466797
-0.039520264
-0.042663574
-0.04510498
-0.04916382
-0.05230713
-0.05429077
-0.05734253
-0.06036377
-0.061950684
-0.06295776
-0.06329346
-0.06265259
-0.0630188
-0.06274414
-0.06237793
-0.061431885
-0.060333252
-0.0574646
-0.054138184
-0.050445557
-0.04547119
-0.041656494
-0.03793335
-0.03390503
-0.029937744
-0.026428223
-0.023223877
-0.02053833
-0.018676758
-0.016540527
-0.015014648
-0.014312744
-0.012390137
-0.010437012
-0.008300781
-0.007385254
-0.007293701
-0.008026123
-0.007843018
-0.007385254
-0.0070495605
-0.005584717
-0.0030822754
-8.8500977E-4
0.001953125
0.0049743652
0.0074768066
0.010223389
0.012908936
0.016143799
0.018829346
0.020507812
0.022216797
0.023864746
0.025482178
0.027618408
0.02999878
0.03237915
0.033172607
0.034362793
0.033813477
0.033081055
0.03173828
0.031433105
0.03125
0.03024292
0.02859497
0.026397705
0.024871826
0.024108887
0.023468018
0.023498535
0.024047852
0.023956299
0.02319336
0.022857666
0.022399902
0.021087646
0.021026611
0.020996094
0.02053833
0.01977539
0.01864624
0.01763916
0.01586914
0.014434814
0.013336182
0.012756348
0.012084961
0.011230469
0.011474609
0.012298584
0.013366699
0.014892578
0.016082764
0.016815186
0.017608643
0.019958496
0.021636963
0.024719238
0.0284729
0.032226562
0.036010742
0.038238525
0.039031982
0.04031372
0.04083252
0.040130615
0.03829956
0.035827637
0.033721924
0.032440186
0.03149414
0.030456543
0.029968262
0.029724121
0.029205322
0.027038574
0.023498535
0.01864624
0.014007568
0.010650635
0.007598877
0.0026550293
-8.8500977E-4
-0.005432129
-0.008605957
-0.011108398
-0.01461792
-0.01776123
-0.019805908
-0.024047852
-0.029083252
-0.033172607
-0.038208008
-0.04248047
-0.04611206
-0.04937744
-0.052764893
-0.055541992
-0.059020996
-0.06213379
-0.06491089
-0.066223145
-0.06707764
-0.06689453
-0.06692505
-0.06744385
-0.06665039
-0.06661987
-0.066589355
-0.06448364
-0.061065674
-0.057495117
-0.05340576
-0.04901123
-0.0446167
-0.040252686
-0.03579712
-0.031829834
-0.028717041
-0.025665283
-0.022705078
-0.02041626
-0.019744873
-0.018981934
-0.017150879
-0.014160156
-0.012268066
-0.010925293
-0.010070801
-0.009460449
-0.009918213
-0.010620117
-0.009857178
-0.009216309
-0.007446289
-0.005645752
-0.002960205
3.6621094E-4
0.0028076172
0.0061950684
0.009002686
0.012237549
0.015716553
0.018310547
0.020233154
0.021514893
0.023132324
0.025177002
0.027191162
0.029632568
0.03250122
0.03366089
0.034210205
0.03314209
0.031677246
0.031311035
0.030944824
0.02947998
0.028198242
0.026794434
0.025512695
0.024017334
0.023803711
0.023223877
0.023101807
0.023803711
0.023803711
0.02368164
0.022888184
0.022216797
0.021575928
0.020874023
0.020629883
0.020263672
0.01940918
0.018341064
0.017456055
0.01687622
0.015319824
0.014434814
0.014251709
0.013458252
0.012939453
0.013946533
0.015014648
0.015533447
0.016845703
0.017547607
0.01828003
0.019805908
0.021820068
0.024017334
0.027282715
0.03164673
0.034973145
0.03756714
0.040374756
0.04196167
0.04333496
0.04333496
0.041748047
0.038970947
0.037322998
0.03564453
0.034057617
0.03378296
0.03274536
0.033203125
0.033447266
0.031555176
0.028167725
0.024719238
0.01965332
0.015411377
0.011627197
0.006591797
0.002166748
-0.0014038086
-0.0053100586
-0.009094238
-0.011138916
-0.013305664
-0.015930176
-0.018920898
-0.023284912
-0.028076172
-0.032928467
-0.037628174
-0.042663574
-0.046020508
-0.049621582
-0.05340576
-0.05670166
-0.060272217
-0.06338501
-0.06542969
-0.06652832
-0.06707764
-0.066589355
-0.066223145
-0.066345215
-0.06625366
-0.066345215
-0.06567383
-0.06311035
-0.060150146
-0.056732178
-0.052368164
-0.048431396
-0.04385376
-0.03945923
-0.03527832
-0.031799316
-0.027282715
-0.023498535
-0.021484375
-0.020202637
-0.020080566
-0.018432617
-0.01638794
-0.014282227
-0.012145996
-0.010864258
-0.010772705
-0.010772705
-0.010772705
-0.010803223
-0.010681152
-0.009246826
-0.0078125
-0.005493164
-0.0026245117
-2.4414062E-4
0.001953125
0.00579834
0.009552002
0.012817383
0.015808105
0.017822266
0.019836426
0.021087646
0.02279663
0.02468872
0.027404785
0.030700684
0.03265381
0.032958984
0.03289795
0.032348633
0.031585693
0.030944824
0.03024292
0.029510498
0.02798462
0.02670288
0.025177002
0.024353027
0.023590088
0.0234375
0.023468018
0.022888184
0.022735596
0.022125244
0.021209717
0.020080566
0.019592285
0.020111084
0.020111084
0.019104004
0.019104004
0.017974854
0.016479492
0.015899658
0.014373779
0.013183594
0.012451172
0.011993408
0.012237549
0.013519287
0.014465332
0.015563965
0.017089844
0.017852783
