buf 10 of 46 length=1792
-0.048583984
-0.047912598
-0.046173096
-0.044769287
-0.043701172
-0.042114258
-0.04034424
-0.039215088
-0.03768921
-0.03488159
-0.03253174
-0.029937744
-0.028259277
-0.025878906
-0.024230957
-0.023468018
-0.022613525
-0.021850586
-0.020874023
-0.020355225
-0.02053833
-0.019989014
-0.019073486
-0.018310547
-0.01675415
-0.016662598
-0.015838623
-0.016143799
-0.016693115
-0.016937256
-0.017547607
-0.017364502
-0.017456055
-0.017425537
-0.01687622
-0.015930176
-0.014434814
-0.013580322
-0.012664795
-0.010925293
-0.009490967
-0.009185791
-0.008758545
-0.008300781
-0.007965088
-0.0068359375
-0.006164551
-0.00592041
-0.0053100586
-0.004272461
-0.0037841797
-0.003540039
-0.0026550293
-0.0018615723
-0.0010070801
-2.746582E-4
0.001159668
0.0022583008
0.0029296875
0.00390625
0.0054626465
0.0072021484
0.008850098
0.0105896
0.012084961
0.014221191
0.016693115
0.01965332
0.023223877
0.025054932
0.02734375
0.029022217
0.030670166
0.032287598
0.034210205
0.03665161
0.037902832
0.04034424
0.042053223
0.044433594
0.046142578
0.047851562
0.050231934
0.052124023
0.05419922
0.05493164
0.055725098
0.056732178
0.056518555
0.05609131
0.05569458
0.054656982
0.053985596
0.05303955
0.051452637
0.04977417
0.04800415
0.045135498
0.04336548
0.040802002
0.03781128
0.03564453
0.03225708
0.029022217
0.026367188
0.022399902
0.019042969
0.015777588
0.012451172
0.009216309
0.00579834
0.0029296875
6.1035156E-4
-0.0019226074
-0.0043029785
-0.006866455
-0.0101623535
-0.013549805
-0.016540527
-0.019226074
-0.022766113
-0.02557373
-0.02835083
-0.031921387
-0.034454346
-0.037750244
-0.040130615
-0.04208374
-0.045043945
-0.046844482
-0.049316406
-0.050567627
-0.050994873
-0.050872803
-0.050964355
-0.05041504
-0.048858643
-0.047790527
-0.04623413
-0.0446167
-0.04385376
-0.041748047
-0.039611816
-0.037994385
-0.036468506
-0.03414917
-0.032165527
-0.030029297
-0.027435303
-0.025848389
-0.024993896
-0.024139404
-0.023529053
-0.0234375
-0.022338867
-0.022064209
-0.021728516
-0.020141602
-0.019012451
-0.018310547
-0.018096924
-0.018249512
-0.018096924
-0.018310547
-0.018005371
-0.01864624
-0.018615723
-0.018127441
-0.017791748
-0.01675415
-0.016082764
-0.014465332
-0.0128479
-0.012084961
-0.011169434
-0.010498047
-0.009460449
-0.009277344
-0.008300781
-0.007080078
-0.0057373047
-0.0045166016
-0.0038757324
-0.003692627
-0.0029296875
-0.0022277832
-0.0019836426
-2.1362305E-4
-9.1552734E-5
3.9672852E-4
0.0012512207
0.0020141602
0.0034179688
0.0051879883
0.0075683594
0.009307861
0.010009766
0.0121154785
0.014160156
0.016174316
0.01828003
0.020263672
0.023010254
0.025299072
0.028533936
0.03036499
0.03274536
0.035308838
0.036865234
0.03967285
0.041534424
0.043670654
0.045776367
0.047424316
0.048980713
0.051330566
0.053741455
0.056365967
0.05847168
0.05960083
0.06085205
0.061035156
0.061676025
0.061523438
0.061553955
0.06161499
0.060943604
0.060150146
0.057678223
0.05609131
0.0541687
0.05206299
0.050048828
0.048034668
0.045562744
0.04248047
0.039764404
0.036193848
0.033050537
0.028869629
0.025665283
0.02230835
0.018981934
0.015655518
0.012420654
0.009033203
0.006164551
0.003753662
0.0012512207
-0.001159668
-0.004333496
-0.007751465
-0.011016846
-0.014343262
-0.017578125
-0.020965576
-0.024261475
-0.027618408
-0.030334473
-0.033355713
-0.036865234
-0.03930664
-0.042541504
-0.044952393
-0.046691895
-0.048187256
-0.04888916
-0.049804688
-0.050201416
-0.05014038
-0.049743652
-0.04812622
-0.047210693
-0.0463562
-0.044708252
-0.043914795
-0.042999268
-0.041015625
-0.038757324
-0.03729248
-0.035491943
-0.034057617
-0.031585693
-0.029785156
-0.027435303
-0.02658081
-0.02645874
-0.025939941
-0.02658081
-0.02532959
-0.025146484
-0.02468872
-0.023803711
-0.023040771
-0.022155762
-0.022033691
-0.022094727
-0.022003174
-0.022216797
-0.022918701
-0.022766113
-0.022857666
-0.022766113
-0.022888184
-0.022338867
-0.020843506
-0.019805908
-0.018310547
-0.017211914
-0.015838623
-0.014892578
-0.014434814
-0.014190674
-0.013214111
-0.012481689
-0.011627197
-0.010803223
-0.010009766
-0.009155273
-0.008361816
-0.007507324
-0.006713867
-0.0057373047
-0.005004883
-0.004058838
-0.0034484863
-0.001953125
-9.1552734E-4
4.8828125E-4
0.0021972656
0.0038146973
0.0062561035
0.00793457
0.00970459
0.012390137
0.014587402
0.017700195
0.02041626
0.023529053
0.0262146
0.028656006
0.031036377
0.032928467
0.035186768
0.03717041
0.03918457
0.04156494
0.04421997
0.046051025
0.048919678
0.050567627
0.052886963
0.055389404
0.05697632
0.058776855
0.06021118
0.061157227
0.061523438
0.0619812
0.062072754
0.060943604
0.060272217
0.059387207
0.057861328
0.05606079
0.054534912
0.052703857
0.050231934
0.04776001
0.045288086
0.042388916
0.038970947
0.03579712
0.032348633
0.02911377
0.02645874
0.022613525
0.020019531
0.016571045
0.013397217
0.009979248
0.007080078
0.004638672
0.002105713
-2.746582E-4
-0.0033874512
-0.006866455
-0.010772705
-0.013336182
-0.016662598
-0.019958496
-0.023345947
-0.02658081
-0.029968262
-0.032806396
-0.03515625
-0.03829956
-0.04095459
-0.043304443
-0.045837402
-0.04727173
-0.048217773
-0.048675537
-0.048706055
-0.048309326
-0.04736328
-0.04660034
-0.045654297
-0.044830322
-0.043273926
-0.04156494
-0.04006958
-0.039215088
-0.037322998
-0.035949707
-0.033691406
-0.03173828
-0.029418945
-0.028137207
-0.026824951
-0.025787354
-0.025909424
-0.025726318
-0.024932861
-0.025268555
-0.024414062
-0.0234375
-0.02331543
-0.022155762
-0.022064209
-0.022064209
-0.022064209
-0.022125244
-0.022857666
-0.022918701
-0.023773193
-0.023406982
-0.024047852
-0.023986816
-0.023101807
-0.021728516
-0.020568848
-0.019927979
-0.018859863
-0.017303467
-0.016662598
-0.016571045
-0.015594482
-0.014831543
-0.014312744
-0.014556885
-0.013885498
-0.013061523
-0.012237549
-0.01071167
-0.010559082
-0.009765625
-0.009063721
-0.009094238
-0.007659912
-0.0064697266
-0.0051574707
-0.0034484863
-0.0018005371
-1.8310547E-4
0.0014648438
0.0030517578
0.004852295
0.007385254
0.0099487305
0.012207031
0.0152282715
0.018035889
0.020599365
0.022399902
0.025360107
0.02734375
0.029632568
0.032043457
0.03390503
0.036224365
0.037994385
0.040649414
0.042999268
0.045562744
0.048065186
0.050476074
0.05303955
0.054626465
0.05633545
0.056915283
0.058135986
0.058166504
0.058013916
0.058288574
0.057495117
0.057434082
0.05557251
0.054840088
0.052459717
0.050872803
0.049041748
0.04663086
0.043914795
0.041931152
0.039611816
0.03643799
0.034423828
0.03048706
0.026947021
0.023773193
0.01965332
0.016357422
0.012939453
0.009979248
0.0074157715
0.005279541
0.0033569336
7.019043E-4
-0.0015869141
-0.004699707
-0.00881958
-0.012237549
-0.0154418945
-0.018676758
-0.021240234
-0.024810791
-0.027526855
-0.030456543
-0.033416748
-0.035827637
-0.03829956
-0.040771484
-0.043151855
-0.04498291
-0.047332764
-0.047973633
-0.047821045
-0.048065186
-0.047180176
-0.045806885
-0.045135498
-0.044158936
-0.042785645
-0.041656494
-0.04034424
-0.039245605
-0.037750244
-0.03579712
-0.03338623
-0.030578613
-0.028839111
-0.026519775
-0.02520752
-0.023864746
-0.023468018
-0.023620605
-0.022735596
-0.022888184
-0.02267456
-0.021697998
-0.021270752
-0.021057129
-0.019958496
-0.019805908
-0.019805908
-0.019805908
-0.020507812
-0.020599365
-0.020599365
-0.021453857
-0.021118164
-0.021575928
-0.02041626
-0.019805908
-0.018829346
-0.01739502
-0.016906738
-0.01586914
-0.015960693
-0.014984131
-0.014312744
-0.013366699
-0.0126953125
-0.011688232
-0.011413574
-0.010986328
-0.010009766
-0.009918213
-0.009246826
-0.008331299
-0.0076293945
-0.0065612793
-0.0049743652
-0.0042419434
-0.0034484863
-0.0022888184
-4.5776367E-4
0.0010375977
0.0028076172
0.0043029785
0.0061035156
0.008483887
0.011138916
0.013214111
0.015380859
0.018615723
0.020904541
0.02355957
0.025360107
0.027557373
0.03012085
0.032562256
0.034423828
0.03756714
0.039001465
0.040985107
0.043151855
0.045074463
0.047790527
0.050109863
0.052703857
0.054473877
0.05606079
0.057861328
0.059387207
0.0602417
0.06085205
0.060821533
0.060546875
0.059539795
0.058929443
0.057373047
0.055664062
0.05404663
0.05239868
0.050750732
0.04815674
0.04486084
0.04260254
0.039611816
0.03677368
0.033935547
0.030548096
0.02658081
0.023773193
0.020721436
0.017181396
0.014038086
0.01171875
0.008911133
0.00592041
0.0030212402
9.1552734E-5
-0.0027160645
-0.005645752
-0.00793457
-0.011291504
-0.013702393
-0.017181396
-0.021240234
-0.024475098
-0.02758789
-0.029754639
-0.03289795
-0.0357666
-0.038116455
-0.040649414
-0.042419434
-0.044799805
-0.046569824
-0.047058105
-0.047302246
-0.04663086
-0.04522705
-0.044433594
-0.0435791
-0.04220581
-0.04107666
-0.04034424
-0.039520264
-0.037872314
-0.036315918
-0.034454346
-0.03213501
-0.030303955
-0.027557373
-0.025665283
-0.024017334
-0.022888184
-0.022827148
-0.02279663
-0.022094727
-0.022064209
-0.022003174
-0.020965576
-0.020568848
-0.020507812
-0.0206604
-0.020050049
-0.019744873
-0.019836426
-0.019805908
-0.02053833
-0.020629883
-0.021362305
-0.021148682
-0.020263672
-0.019439697
-0.018493652
-0.017730713
-0.01687622
-0.016082764
-0.015838623
-0.015289307
-0.015014648
-0.014404297
-0.013336182
-0.012969971
-0.012573242
-0.012145996
-0.01184082
-0.010772705
-0.010650635
-0.010070801
-0.009124756
-0.008392334
-0.007446289
-0.00680542
-0.0055236816
-0.004180908
-0.0031433105
-0.0012512207
-2.746582E-4
0.0010681152
0.0028381348
0.0043640137
0.006164551
0.009399414
0.011871338
0.014312744
0.01675415
0.01928711
0.021820068
0.024291992
0.02670288
0.02923584
0.030975342
0.033447266
0.035858154
0.03845215
0.04058838
0.042541504
0.04473877
0.04675293
0.04928589
0.05178833
0.053619385
0.055236816
0.056854248
0.057891846
0.05847168
0.058776855
0.059143066
0.058441162
0.058380127
0.05682373
0.055145264
0.053527832
0.051879883
0.05026245
0.048583984
0.046966553
0.04421997
0.041046143
0.038482666
0.034942627
0.032165527
0.029296875
0.025299072
0.021759033
0.018493652
0.015838623
0.012756348
0.010192871
0.007843018
0.005126953
0.0028686523
-9.1552734E-5
-0.0032958984
-0.0068359375
-0.009399414
-0.012573242
-0.015777588
-0.017700195
-0.020843506
-0.02355957
-0.026611328
-0.029052734
-0.031433105
-0.034576416
-0.036834717
-0.038879395
-0.040924072
-0.04232788
-0.043395996
-0.04397583
-0.0440979
-0.043823242
-0.042938232
-0.042175293
-0.041015625
-0.039154053
-0.038208008
-0.0368042
-0.035095215
-0.034210205
-0.03253174
-0.030853271
-0.029052734
-0.026428223
-0.024383545
-0.022735596
-0.021484375
-0.020812988
-0.020446777
-0.020690918
-0.02041626
-0.019958496
-0.019470215
-0.018157959
-0.017974854
-0.017303467
-0.017486572
-0.017425537
-0.01739502
-0.017974854
-0.018249512
-0.018798828
-0.019104004
-0.01977539
-0.019866943
-0.019592285
-0.018615723
-0.017852783
-0.016937256
-0.016601562
-0.01675415
-0.016082764
-0.015197754
-0.015136719
-0.014312744
-0.013641357
-0.013580322
-0.012512207
-0.012176514
-0.011871338
-0.010864258
-0.0101623535
-0.009246826
-0.008514404
-0.008270264
-0.0077209473
-0.007385254
-0.0057678223
-0.005065918
-0.003967285
-0.002105713
-0.0010375977
1.5258789E-4
0.0025634766
0.0043640137
0.0059814453
0.008483887
0.010131836
0.0128479
0.015960693
0.018310547
0.021026611
0.022918701
0.025054932
0.02709961
0.028503418
0.030334473
0.03262329
0.0345459
0.036834717
0.039520264
0.041503906
0.04360962
0.045806885
0.047302246
0.048950195
0.051208496
0.052459717
0.05307007
0.05404663
0.054656982
0.054595947
0.053527832
0.053009033
0.05154419
0.05050659
0.048706055
0.046020508
0.04425049
0.041870117
0.040100098
0.03768921
0.035095215
0.031677246
0.028381348
0.025054932
0.021881104
0.018341064
0.015686035
0.012634277
0.010009766
0.007598877
0.005004883
0.0025634766
1.2207031E-4
-0.0024108887
-0.0046691895
-0.008117676
-0.011993408
-0.015014648
-0.01852417
-0.021057129
-0.023620605
-0.026062012
-0.02935791
-0.031585693
-0.03466797
-0.037231445
-0.039093018
-0.04135132
-0.04269409
-0.0446167
-0.046142578
-0.047210693
-0.04699707
-0.046447754
-0.046081543
-0.04449463
-0.043792725
-0.04260254
-0.040771484
-0.03970337
-0.038482666
-0.036010742
-0.034301758
-0.03262329
-0.030914307
-0.02822876
-0.026184082
-0.02420044
-0.022247314
-0.021759033
-0.0206604
-0.020629883
-0.019927979
-0.01977539
-0.019042969
-0.017303467
-0.016601562
-0.015655518
-0.015136719
-0.015167236
-0.015167236
-0.015197754
-0.015106201
-0.01574707
-0.015991211
-0.016571045
-0.016784668
-0.01651001
-0.015930176
-0.015808105
-0.014556885
-0.013092041
-0.012939453
-0.012451172
-0.0115356445
-0.010772705
-0.009918213
-0.009887695
-0.009063721
-0.009277344
-0.008728027
-0.007232666
-0.006500244
-0.005859375
-0.0061950684
-0.0054016113
-0.005279541
-0.0045776367
-0.003753662
-0.0028686523
-0.0012817383
-6.1035156E-4
4.5776367E-4
0.0022888184
0.0037231445
0.006072998
0.0079956055
0.0101623535
0.0121154785
0.01361084
0.015350342
0.017822266
0.020355225
0.022888184
0.024993896
0.026916504
0.029510498
0.031982422
0.033996582
0.035461426
0.037261963
0.038757324
0.040496826
0.042114258
0.045074463
0.047912598
0.049316406
0.05105591
0.052612305
0.054382324
0.055358887
0.05545044
0.055389404
0.054656982
0.054595947
0.053619385
0.053009033
0.051696777
0.050201416
0.04788208
0.046081543
0.043701172
0.041870117
0.039520264
0.036346436
0.03363037
0.02947998
0.026306152
0.023010254
0.019622803
0.016418457
0.012481689
0.009490967
0.0072631836
0.0038757324
0.0013427734
-0.0010375977
-0.0036010742
-0.0057678223
-0.0077819824
-0.010253906
-0.013092041
-0.016479492
-0.01977539
-0.02319336
-0.0256958
-0.028930664
-0.03225708
-0.03475952
-0.038116455
-0.040008545
-0.042053223
-0.04425049
-0.045806885
-0.047546387
-0.048583984
-0.04928589
-0.049468994
-0.049224854
-0.04776001
-0.046783447
-0.04522705
-0.044647217
-0.043182373
-0.04168701
-0.03933716
-0.03805542
-0.036743164
-0.034301758
-0.031799316
-0.02935791
-0.027618408
-0.02520752
-0.023956299
-0.023284912
-0.021942139
-0.0206604
-0.020599365
-0.019989014
-0.019012451
-0.018218994
-0.017242432
-0.01675415
-0.016448975
-0.01586914
-0.015930176
-0.015930176
-0.01586914
-0.016448975
-0.017333984
-0.017456055
-0.017333984
-0.015930176
-0.01586914
-0.014862061
-0.014434814
-0.014190674
-0.013183594
-0.012512207
-0.01159668
-0.01083374
-0.0099487305
-0.009216309
-0.008270264
-0.0075683594
-0.0066223145
-0.005859375
-0.0048217773
-0.0045776367
-0.0040283203
-0.0037231445
-0.0032653809
-0.0023498535
-0.0015258789
-7.9345703E-4
3.0517578E-4
0.0026245117
0.004272461
0.0056152344
0.0066833496
0.008605957
0.010040283
0.012329102
0.014831543
0.017242432
0.020599365
0.023040771
0.025543213
0.027801514
0.029510498
0.032348633
0.03427124
0.03640747
0.03845215
0.039886475
0.041656494
0.043914795
0.04586792
0.04812622
0.04989624
0.052490234
0.054595947
0.05630493
0.057617188
0.05822754
0.0592041
0.059906006
0.060150146
0.059173584
0.058624268
0.058258057
0.056549072
0.054748535
0.05328369
0.051086426
0.049102783
0.047058105
0.044311523
0.04196167
0.03866577
0.036315918
0.0335083
0.02935791
0.02633667
0.02255249
0.01876831
0.01550293
0.012237549
0.008911133
0.0062561035
0.003753662
0.0013427734
-0.0011901855
-0.003540039
-0.0063171387
-0.009735107
-0.013031006
-0.015899658
-0.018218994
-0.021453857
-0.024047852
-0.027191162
-0.029754639
-0.03225708
-0.03475952
-0.037200928
-0.03967285
-0.042114258
-0.04434204
-0.045410156
-0.046203613
-0.047027588
-0.047180176
-0.046295166
-0.04562378
-0.044525146
-0.04296875
-0.04208374
-0.040161133
-0.039093018
-0.037872314
-0.036071777
-0.0345459
-0.032165527
-0.030334473
-0.027923584
-0.02633667
-0.024627686
-0.023284912
-0.02243042
-0.022033691
-0.021728516
-0.020690918
-0.020050049
-0.019073486
-0.01828003
-0.017303467
-0.016723633
-0.016601562
-0.016845703
-0.016296387
-0.016204834
-0.01687622
-0.016540527
-0.017303467
-0.017425537
-0.017425537
-0.01739502
-0.016601562
-0.015777588
-0.014953613
-0.014129639
-0.013305664
-0.012512207
-0.011627197
-0.011383057
-0.010894775
-0.009887695
-0.009246826
-0.009002686
-0.008331299
-0.007293701
-0.0069274902
-0.0065612793
-0.0056152344
-0.004760742
-0.0040283203
-0.002532959
-0.0015563965
-7.6293945E-4
7.9345703E-4
0.001739502
0.0032958984
0.0039367676
0.0050964355
0.0068969727
0.008483887
0.010681152
0.013153076
0.016235352
0.018981934
0.021331787
0.023101807
0.025634766
0.027832031
0.029632568
0.032073975
0.03338623
0.03579712
0.037628174
0.039276123
0.041503906
0.043426514
0.045684814
0.04763794
0.04977417
0.051727295
0.053955078
0.0552063
0.055419922
0.05593872
0.056243896
0.05609131
0.05621338
0.055358887
0.054534912
0.052703857
0.05126953
0.0491333
0.04711914
0.045043945
0.042388916
0.040008545
0.03756714
0.034362793
0.03189087
0.02911377
0.025115967
0.021759033
0.017364502
0.01361084
0.010498047
0.0069885254
0.004272461
0.0018310547
9.1552734E-5
-0.0015563965
-0.0047912598
-0.0074157715
-0.010864258
-0.013763428
-0.016448975
-0.019989014
-0.022827148
-0.025177002
-0.02822876
-0.031707764
-0.034210205
-0.03668213
-0.039123535
-0.04159546
-0.044067383
-0.04650879
-0.047424316
-0.04888916
-0.04953003
-0.04937744
-0.048828125
-0.048583984
-0.04788208
-0.046081543
-0.04458618
-0.042663574
-0.04147339
-0.04034424
-0.03857422
-0.037017822
-0.035308838
-0.033721924
-0.03201294
-0.029632568
-0.027801514
-0.025512695
-0.023834229
-0.022460938
-0.021759033
-0.02078247
-0.020568848
-0.020050049
-0.019714355
-0.019256592
-0.018066406
-0.017547607
-0.017242432
-0.016693115
-0.016662598
-0.01675415
-0.016571045
-0.017181396
-0.017486572
-0.017425537
-0.017425537
-0.016784668
-0.015808105
-0.0152282715
-0.014984131
-0.014251709
-0.013061523
-0.011688232
-0.010986328
-0.010131836
-0.009338379
-0.008483887
-0.008361816
-0.007659912
-0.0067443848
-0.00592041
-0.005004883
-0.004272461
-0.0032958984
-0.0030517578
-0.0025939941
-0.0016479492
-9.1552734E-4
6.1035156E-4
0.002319336
0.0038452148
0.0056762695
0.0071105957
0.008117676
0.009857178
0.011474609
0.013092041
0.015197754
0.017822266
0.019622803
0.022003174
0.02444458
0.026123047
0.028717041
0.031066895
0.03378296
0.03579712
0.037384033
0.039001465
0.040740967
0.04220581
0.044830322
0.04711914
0.049041748
0.051086426
0.052093506
0.05355835
0.054229736
0.055114746
0.055999756
0.056427002
0.055541992
0.055419922
0.053955078
0.053009033
0.0513916
0.049621582
0.046966553
0.044952393
0.042938232
0.040252686
0.037963867
0.03479004
0.032165527
0.028961182
0.025482178
0.021575928
0.018127441
0.013824463
0.010040283
0.006866455
0.003326416
6.713867E-4
-0.0017700195
-0.004211426
-0.0060424805
-0.008392334
-0.011108398
-0.014160156
-0.016815186
-0.02029419
-0.023498535
-0.026885986
-0.029663086
-0.032073975
-0.03466797
-0.03704834
-0.0395813
-0.04196167
-0.044708252
-0.04788208
-0.05001831
-0.051605225
-0.053009033
-0.053100586
-0.053710938
-0.053985596
-0.05328369
-0.05166626
-0.050048828
-0.048339844
-0.046936035
-0.045959473
-0.044128418
-0.04248047
-0.04083252
-0.039215088
-0.03704834
-0.034454346
-0.032104492
-0.030181885
-0.028778076
-0.027740479
-0.026245117
-0.025604248
-0.024658203
-0.023956299
-0.022949219
-0.022888184
-0.021575928
-0.0211792
-0.0206604
-0.020477295
-0.019622803
-0.019012451
-0.019012451
-0.019348145
-0.019927979
-0.019744873
-0.01940918
-0.018188477
-0.018249512
-0.01739502
-0.017456055
-0.016357422
-0.014984131
-0.013916016
-0.012481689
-0.01184082
-0.010894775
-0.010101318
-0.009857178
-0.009338379
-0.008331299
-0.007659912
-0.0066833496
-0.0059509277
-0.0047912598
-0.003326416
-0.0027770996
-0.0013427734
-2.1362305E-4
0.0010375977
0.0028686523
0.0043640137
0.0054016113
0.0069885254
0.007873535
0.009674072
0.011138916
0.013244629
0.015594482
0.01876831
0.021057129
0.022460938
0.024902344
0.027374268
0.029785156
0.032470703
0.034606934
0.03656006
0.03869629
0.04067993
0.04284668
0.044891357
0.04699707
0.04837036
0.050964355
0.05319214
0.055023193
0.056488037
0.05734253
0.058013916
0.059295654
0.06060791
0.06088257
0.0602417
0.059387207
0.05859375
0.05697632
0.0552063
0.053619385
0.05178833
0.049194336
0.04711914
0.045288086
0.041992188
0.03930664
0.036254883
0.033569336
0.030334473
0.0262146
0.022979736
0.018615723
0.014770508
0.011505127
0.008575439
0.006225586
0.0035095215
0.0018615723
-0.001159668
-0.0037231445
-0.006286621
-0.009613037
-0.013031006
-0.01586914
-0.018798828
-0.021759033
-0.024627686
-0.027435303
-0.03048706
-0.03262329
-0.03543091
-0.038208008
-0.04046631
-0.04309082
-0.045440674
-0.046722412
-0.047546387
-0.04800415
-0.047851562
-0.047973633
-0.047302246
-0.04638672
-0.045654297
-0.04385376
-0.042388916
-0.0413208
-0.039916992
-0.03894043
-0.03704834
-0.03564453
-0.033294678
-0.031463623
-0.029144287
-0.027252197
-0.025848389
-0.024871826
-0.02432251
-0.024139404
-0.02319336
-0.022491455
-0.021484375
-0.021331787
-0.020721436
-0.02053833
-0.019866943
-0.018981934
-0.018096924
-0.018432617
-0.019042969
-0.019317627
-0.019897461
-0.019805908
-0.019317627
-0.018951416
-0.018432617
-0.017364502
-0.017456055
-0.016540527
-0.01586914
-0.014709473
-0.013305664
-0.01260376
-0.011749268
-0.010864258
-0.0105896
-0.010131836
-0.009765625
-0.009307861
-0.0073242188
-0.0071105957
-0.0063476562
-0.005279541
-0.0047302246
-0.0031738281
-0.0026855469
-0.0012207031
4.5776367E-4
0.0020751953
0.0037841797
0.006072998
0.0071105957
0.008728027
0.010467529
0.0119018555
0.014099121
0.016082764
0.018249512
0.020324707
0.022369385
0.025054932
0.027313232
0.02999878
0.032226562
0.03414917
0.036376953
0.03817749
0.04095459
0.042755127
0.04510498
0.046905518
0.04916382
0.050964355
0.053375244
0.054779053
0.055847168
0.057434082
0.05807495
0.05871582
0.058410645
0.05871582
0.05734253
0.05633545
0.055480957
0.05380249
0.052215576
0.050445557
0.047821045
0.045715332
0.04385376
0.040618896
0.03793335
0.035003662
0.03152466
0.0289917
0.025665283
0.021606445
0.017333984
0.014587402
0.011627197
0.009094238
0.007171631
0.0044555664
0.0020446777
2.1362305E-4
-0.0026855469
-0.0054016113
-0.0078125
-0.011352539
-0.014221191
-0.017059326
-0.02017212
-0.022460938
-0.025054932
-0.027435303
-0.029937744
-0.033050537
-0.03515625
-0.037200928
-0.039245605
-0.041168213
-0.042297363
-0.043792725
-0.04449463
-0.045013428
-0.04437256
-0.043518066
-0.042663574
-0.041046143
-0.039489746
-0.038635254
-0.037841797
-0.036865234
-0.035064697
-0.033569336
-0.031402588
-0.028839111
-0.026367188
-0.024505615
-0.022949219
-0.022033691
-0.022064209
-0.020965576
-0.019561768
-0.018707275
-0.018035889
-0.018310547
-0.017700195
-0.016906738
-0.016052246
-0.015258789
-0.015075684
-0.015289307
-0.015899658
-0.016113281
-0.016784668
-0.01663208
-0.016723633
-0.016662598
-0.01675415
-0.016082764
-0.01586914
-0.015258789
-0.014312744
-0.01361084
-0.012664795
