buf 11 of 46 length=1792
-0.012023926
-0.010955811
-0.01071167
-0.010223389
-0.009887695
-0.009429932
-0.008453369
-0.0070495605
-0.0059509277
-0.005218506
-0.0043945312
-0.004638672
-0.004211426
-0.003479004
-0.0022277832
-4.8828125E-4
0.0010681152
0.0028076172
0.003692627
0.0052490234
0.006134033
0.0079956055
0.009429932
0.0115356445
0.013519287
0.015686035
0.017547607
0.020324707
0.02267456
0.024658203
0.027374268
0.029632568
0.03152466
0.033996582
0.035125732
0.036590576
0.03881836
0.040771484
0.042938232
0.045013428
0.047058105
0.04849243
0.05102539
0.05166626
0.052764893
0.05419922
0.05496216
0.05596924
0.056365967
0.05593872
0.05429077
0.053253174
0.051849365
0.04937744
0.04776001
0.046020508
0.043426514
0.041137695
0.03942871
0.036315918
0.03353882
0.030578613
0.027069092
0.023986816
0.02053833
0.016540527
0.013092041
0.010101318
0.0075683594
0.005126953
0.0024719238
6.4086914E-4
-0.0014953613
-0.003967285
-0.007171631
-0.009857178
-0.012268066
-0.015563965
-0.018859863
-0.022094727
-0.024414062
-0.026947021
-0.029388428
-0.03149414
-0.033477783
-0.036865234
-0.039276123
-0.041168213
-0.043395996
-0.044433594
-0.04586792
-0.046691895
-0.047180176
-0.04714966
-0.04675293
-0.045776367
-0.04510498
-0.043548584
-0.041809082
-0.04095459
-0.04006958
-0.03829956
-0.036987305
-0.035980225
-0.03387451
-0.031219482
-0.029205322
-0.027709961
-0.025970459
-0.025115967
-0.024230957
-0.022705078
-0.021911621
-0.021057129
-0.020446777
-0.020690918
-0.020080566
-0.01977539
-0.019317627
-0.01828003
-0.01751709
-0.017364502
-0.017486572
-0.018371582
-0.019134521
-0.018981934
-0.019104004
-0.018981934
-0.019134521
-0.018463135
-0.017486572
-0.017425537
-0.016723633
-0.015808105
-0.014221191
-0.013549805
-0.012542725
-0.012176514
-0.011871338
-0.010894775
-0.010131836
-0.009307861
-0.008453369
-0.0076904297
-0.007537842
-0.0068359375
-0.0057373047
-0.005340576
-0.0048217773
-0.00289917
-0.0014648438
3.6621094E-4
0.0013427734
0.0021362305
0.0036315918
0.005340576
0.006134033
0.008148193
0.010345459
0.012207031
0.01473999
0.017211914
0.019622803
0.022857666
0.024902344
0.027069092
0.029632568
0.03137207
0.033843994
0.03527832
0.037261963
0.039733887
0.042297363
0.04473877
0.04736328
0.048553467
0.04989624
0.050994873
0.0524292
0.05419922
0.055755615
0.056518555
0.057250977
0.056610107
0.056274414
0.055847168
0.054870605
0.05343628
0.051727295
0.050048828
0.047698975
0.045928955
0.043518066
0.0418396
0.03869629
0.036010742
0.03302002
0.030181885
0.02658081
0.022918701
0.019165039
0.016326904
0.013183594
0.00982666
0.00793457
0.005859375
0.0032653809
8.544922E-4
-0.0016174316
-0.004058838
-0.0066223145
-0.00982666
-0.012359619
-0.015655518
-0.018829346
-0.021270752
-0.023803711
-0.026153564
-0.028808594
-0.03060913
-0.03353882
-0.03564453
-0.037750244
-0.04043579
-0.042663574
-0.044433594
-0.04486084
-0.04473877
-0.043548584
-0.043548584
-0.0423584
-0.041137695
-0.03982544
-0.038726807
-0.037994385
-0.036346436
-0.03555298
-0.033691406
-0.032287598
-0.03012085
-0.027893066
-0.026489258
-0.024627686
-0.023742676
-0.022216797
-0.022003174
-0.021240234
-0.02053833
-0.020477295
-0.019622803
-0.019989014
-0.019317627
-0.019042969
-0.01852417
-0.01751709
-0.01739502
-0.017456055
-0.01739502
-0.01751709
-0.01828003
-0.018096924
-0.018493652
-0.019195557
-0.018920898
-0.019165039
-0.018371582
-0.017578125
-0.016693115
-0.016021729
-0.015716553
-0.014373779
-0.014343262
-0.0132751465
-0.012664795
-0.01159668
-0.011474609
-0.01083374
-0.010650635
-0.010009766
-0.009887695
-0.009063721
-0.008361816
-0.0071411133
-0.00579834
-0.0045776367
-0.0033569336
-0.002105713
-9.1552734E-4
3.3569336E-4
0.0021362305
0.0030212402
0.005279541
0.0062561035
0.007965088
0.00982666
0.012359619
0.014770508
0.01727295
0.019714355
0.022888184
0.024963379
0.027069092
0.029052734
0.031280518
0.033233643
0.035461426
0.037231445
0.03994751
0.041778564
0.044036865
0.046051025
0.04815674
0.05014038
0.051574707
0.053344727
0.053863525
0.053955078
0.053863525
0.053985596
0.053588867
0.05267334
0.051940918
0.050476074
0.048828125
0.047180176
0.045562744
0.043792725
0.04119873
0.03878784
0.036315918
0.033813477
0.03137207
0.02835083
0.024993896
0.021759033
0.018341064
0.015106201
0.012573242
0.009307861
0.0072021484
0.0051574707
0.002960205
0.0011291504
-0.0015869141
-0.0038146973
-0.006591797
-0.008880615
-0.012298584
-0.015289307
-0.018005371
-0.020111084
-0.022338867
-0.025421143
-0.027801514
-0.029815674
-0.031921387
-0.03463745
-0.036315918
-0.03866577
-0.040374756
-0.040985107
-0.041046143
-0.040924072
-0.041168213
-0.040283203
-0.038970947
-0.037872314
-0.035949707
-0.035095215
-0.034240723
-0.033447266
-0.03173828
-0.030059814
-0.028198242
-0.025665283
-0.02319336
-0.021057129
-0.020050049
-0.019226074
-0.018341064
-0.017456055
-0.016723633
-0.01663208
-0.01574707
-0.015106201
-0.015075684
-0.013916016
-0.013763428
-0.013122559
-0.013366699
-0.013793945
-0.01361084
-0.013702393
-0.013671875
-0.01461792
-0.015167236
-0.015319824
-0.016174316
-0.015380859
-0.015289307
-0.014190674
-0.013000488
-0.012298584
-0.011474609
-0.011291504
-0.01071167
-0.010437012
-0.0099487305
-0.009613037
-0.009124756
-0.0087890625
-0.008270264
-0.0079956055
-0.0068359375
-0.0069885254
-0.0059509277
-0.006164551
-0.005706787
-0.004272461
-0.0032348633
-0.001739502
-0.0012207031
2.4414062E-4
0.0013427734
0.0026245117
0.0044555664
0.0059509277
0.007904053
0.010131836
0.012023926
0.014251709
0.015991211
0.018798828
0.020690918
0.022827148
0.025421143
0.027801514
0.02960205
0.03201294
0.03375244
0.036315918
0.038482666
0.040374756
0.04272461
0.044189453
0.045959473
0.04748535
0.04925537
0.050079346
0.050994873
0.052520752
0.053222656
0.053131104
0.05307007
0.051635742
0.050476074
0.04928589
0.04748535
0.045928955
0.04421997
0.042510986
0.04006958
0.03845215
0.0357666
0.033599854
0.03048706
0.027679443
0.024353027
0.020507812
0.017944336
0.014831543
0.011444092
0.009094238
0.0064086914
0.004272461
0.0020141602
-7.6293945E-4
-0.0024719238
-0.005218506
-0.007537842
-0.0107421875
-0.013397217
-0.016418457
-0.019256592
-0.02218628
-0.02407837
-0.026306152
-0.02810669
-0.030761719
-0.033203125
-0.0357666
-0.037597656
-0.039794922
-0.041748047
-0.042419434
-0.043548584
-0.044067383
-0.04421997
-0.04385376
-0.04309082
-0.041625977
-0.040527344
-0.039215088
-0.03805542
-0.036743164
-0.034942627
-0.033416748
-0.031677246
-0.02999878
-0.028320312
-0.026733398
-0.025054932
-0.023376465
-0.022216797
-0.021514893
-0.020629883
-0.019897461
-0.019714355
-0.019012451
-0.019073486
-0.01889038
-0.01776123
-0.017425537
-0.017089844
-0.016479492
-0.017333984
-0.01739502
-0.018127441
-0.018981934
-0.018188477
-0.018157959
-0.018218994
-0.018127441
-0.01828003
-0.017791748
-0.017028809
-0.015594482
-0.014465332
-0.014434814
-0.01373291
-0.013580322
-0.012908936
-0.012786865
-0.011871338
-0.011108398
-0.010192871
-0.009887695
-0.009521484
-0.008422852
-0.008422852
-0.0076293945
-0.0069274902
-0.0067443848
-0.0048217773
-0.0035095215
-0.0025024414
-6.4086914E-4
4.8828125E-4
0.0011901855
0.0025939941
0.004333496
0.0058898926
0.0077209473
0.010131836
0.012664795
0.015045166
0.017608643
0.020019531
0.022949219
0.025909424
0.027709961
0.029296875
0.031707764
0.03353882
0.035095215
0.037750244
0.03982544
0.041809082
0.044158936
0.04559326
0.04736328
0.048919678
0.050628662
0.052215576
0.053222656
0.054626465
0.0546875
0.054656982
0.054534912
0.053497314
0.052947998
0.051452637
0.050445557
0.048553467
0.045898438
0.044189453
0.041748047
0.039978027
0.03753662
0.035064697
0.032470703
0.0284729
0.024932861
0.021118164
0.017913818
0.015106201
0.011566162
0.009246826
0.007385254
0.00491333
0.002380371
3.0517578E-5
-0.0025939941
-0.0045776367
-0.0065612793
-0.00982666
-0.012451172
-0.01550293
-0.018981934
-0.021392822
-0.023986816
-0.026184082
-0.02798462
-0.030639648
-0.033081055
-0.03564453
-0.037506104
-0.039642334
-0.04168701
-0.042388916
-0.04348755
-0.044067383
-0.044189453
-0.043914795
-0.043121338
-0.041778564
-0.040496826
-0.039794922
-0.03894043
-0.037597656
-0.03579712
-0.035003662
-0.033233643
-0.030883789
-0.029174805
-0.027618408
-0.02557373
-0.023651123
-0.023376465
-0.02154541
-0.021331787
-0.020629883
-0.020629883
-0.02041626
-0.019958496
-0.02041626
-0.019744873
-0.019561768
-0.018859863
-0.019165039
-0.01889038
-0.019714355
-0.019805908
-0.020507812
-0.020599365
-0.021392822
-0.021087646
-0.020599365
-0.02029419
-0.019744873
-0.019500732
-0.0184021
-0.017608643
-0.017364502
-0.016815186
-0.015899658
-0.015930176
-0.014923096
-0.014434814
-0.014251709
-0.013183594
-0.012908936
-0.012481689
-0.012023926
-0.012298584
-0.011444092
-0.010681152
-0.008972168
-0.0074157715
-0.005554199
-0.004272461
-0.0031433105
-0.001739502
-0.001159668
2.746582E-4
0.0019226074
0.004180908
0.006072998
0.008361816
0.010345459
0.013458252
0.015838623
0.018371582
0.020935059
0.023376465
0.02545166
0.026855469
0.029296875
0.031066895
0.03353882
0.03591919
0.038513184
0.040618896
0.042633057
0.044921875
0.046417236
0.04812622
0.049743652
0.0513916
0.05239868
0.053100586
0.053222656
0.053131104
0.05316162
0.05178833
0.05065918
0.049346924
0.048187256
0.046905518
0.045196533
0.04284668
0.04031372
0.038604736
0.036254883
0.0345459
0.031921387
0.029296875
0.025421143
0.021759033
0.018463135
0.015136719
0.011810303
0.0099487305
0.007598877
0.0050354004
0.0035095215
0.0016479492
-8.8500977E-4
-0.0032653809
-0.0058898926
-0.008270264
-0.011383057
-0.014099121
-0.016448975
-0.019042969
-0.021514893
-0.023864746
-0.025604248
-0.02798462
-0.02960205
-0.03302002
-0.03515625
-0.037322998
-0.038726807
-0.03933716
-0.040283203
-0.040161133
-0.03942871
-0.038513184
-0.03778076
-0.036895752
-0.036193848
-0.03488159
-0.033172607
-0.031555176
-0.029815674
-0.028167725
-0.027282715
-0.025634766
-0.024047852
-0.02230835
-0.020812988
-0.01889038
-0.017791748
-0.01638794
-0.015838623
-0.015411377
-0.015045166
-0.014556885
-0.014373779
-0.014404297
-0.013458252
-0.013916016
-0.013153076
-0.013336182
-0.013671875
-0.014190674
-0.01449585
-0.015014648
-0.0152282715
-0.015930176
-0.015899658
-0.016021729
-0.015625
-0.015167236
-0.014801025
-0.014404297
-0.013977051
-0.013580322
-0.013122559
-0.0121154785
-0.012207031
-0.011291504
-0.0115356445
-0.011169434
-0.010406494
-0.009429932
-0.009185791
-0.008666992
-0.008361816
-0.007293701
-0.0059509277
-0.004638672
-0.003540039
-0.0030212402
-0.001739502
-4.8828125E-4
6.1035156E-4
0.002380371
0.0039367676
0.005645752
0.007293701
0.009033203
0.0105896
0.013916016
0.015197754
0.017578125
0.020355225
0.022277832
0.024383545
0.026428223
0.028411865
0.030639648
0.032592773
0.034851074
0.036590576
0.03918457
0.042175293
0.044067383
0.04611206
0.046875
0.04901123
0.04977417
0.051330566
0.05230713
0.05316162
0.05239868
0.052490234
0.052246094
0.05154419
0.05029297
0.049102783
0.047546387
0.04522705
0.043914795
0.041992188
0.03982544
0.03717041
0.03488159
0.032165527
0.028778076
0.0256958
0.023254395
0.019165039
0.015594482
0.012207031
0.0101623535
0.0079956055
0.0053100586
0.002960205
0.0012512207
-0.001373291
-0.0034484863
-0.005432129
-0.0079956055
-0.010864258
-0.013885498
-0.015472412
-0.018493652
-0.02130127
-0.023498535
-0.02545166
-0.027618408
-0.030639648
-0.033325195
-0.035247803
-0.03741455
-0.038909912
-0.040649414
-0.04171753
-0.041748047
-0.0418396
-0.04159546
-0.040130615
-0.039154053
-0.037597656
-0.03704834
-0.035705566
-0.03439331
-0.033813477
-0.032287598
-0.030578613
-0.028808594
-0.027313232
-0.025543213
-0.02407837
-0.022003174
-0.020111084
-0.019470215
-0.01852417
-0.01763916
-0.017364502
-0.017486572
-0.016723633
-0.015899658
-0.015075684
-0.014282227
-0.013549805
-0.013946533
-0.014770508
-0.015655518
-0.015991211
-0.015930176
-0.015350342
-0.015075684
-0.015258789
-0.015899658
-0.015991211
-0.015777588
-0.014831543
-0.014373779
-0.014190674
-0.013031006
-0.012969971
-0.012298584
-0.012145996
-0.012145996
-0.0105896
-0.009796143
-0.00894165
-0.008270264
-0.008514404
-0.007965088
-0.0075683594
-0.0072631836
-0.006134033
-0.005432129
-0.004486084
-0.0037841797
-0.0019226074
-7.019043E-4
6.713867E-4
0.0027770996
0.0032348633
0.0046081543
0.006378174
0.0079956055
0.010253906
0.012145996
0.014404297
0.016998291
0.01940918
0.022003174
0.024353027
0.026977539
0.028930664
0.030639648
0.032226562
0.03451538
0.037017822
0.039489746
0.041870117
0.043701172
0.045135498
0.047210693
0.04928589
0.051330566
0.053100586
0.05355835
0.054595947
0.05532837
0.055633545
0.055389404
0.0546875
0.053497314
0.05218506
0.05114746
0.04937744
0.047851562
0.045715332
0.042999268
0.041229248
0.03894043
0.03564453
0.033203125
0.029632568
0.026763916
0.023773193
0.019714355
0.016571045
0.013183594
0.010009766
0.007171631
0.005493164
0.0036621094
0.0014343262
-3.9672852E-4
-0.0028076172
-0.0054016113
-0.0077819824
-0.0107421875
-0.013641357
-0.015960693
-0.018585205
-0.020996094
-0.023529053
-0.025939941
-0.028442383
-0.030761719
-0.032562256
-0.035308838
-0.03717041
-0.03933716
-0.040924072
-0.04147339
-0.04248047
-0.04248047
-0.041778564
-0.040863037
-0.040130615
-0.039245605
-0.038513184
-0.037384033
-0.03555298
-0.03451538
-0.033203125
-0.031433105
-0.029785156
-0.028747559
-0.027313232
-0.026367188
-0.024627686
-0.023284912
-0.022247314
-0.0206604
-0.0206604
-0.020019531
-0.019744873
-0.019836426
-0.019073486
-0.018981934
-0.018127441
-0.01828003
-0.018066406
-0.018554688
-0.019104004
-0.019348145
-0.020446777
-0.020568848
-0.020568848
-0.020568848
-0.020507812
-0.01977539
-0.019744873
-0.018707275
-0.018157959
-0.017974854
-0.01687622
-0.016723633
-0.016174316
-0.015258789
-0.01449585
-0.013671875
-0.01361084
-0.012786865
-0.013031006
-0.012573242
-0.012145996
-0.011871338
-0.010894775
-0.010131836
-0.009307861
-0.007843018
-0.006072998
-0.0051879883
-0.0035095215
-0.0018920898
-2.4414062E-4
0.0014038086
0.0029907227
0.005004883
0.0077819824
0.009552002
0.011871338
0.013641357
0.0152282715
0.017730713
0.020324707
0.022735596
0.025268555
0.02734375
0.02923584
0.032043457
0.033843994
0.036071777
0.038635254
0.040252686
0.042816162
0.045166016
0.046966553
0.049346924
0.050750732
0.052581787
0.053649902
0.054504395
0.054718018
0.054626465
0.0546875
0.053833008
0.053009033
0.05117798
0.04989624
0.048828125
0.047058105
0.04547119
0.04385376
0.041625977
0.03894043
0.03668213
0.033203125
0.030151367
0.02734375
0.024291992
0.020355225
0.017028809
0.014221191
0.0113220215
0.008911133
0.0071411133
0.004699707
0.0022888184
3.9672852E-4
-0.0025939941
-0.0043640137
-0.0068359375
-0.00982666
-0.01260376
-0.015655518
-0.017822266
-0.020599365
-0.022857666
-0.025604248
-0.027618408
-0.029846191
-0.031585693
-0.033416748
-0.035827637
-0.037139893
-0.0390625
-0.039978027
-0.040924072
-0.040374756
-0.040161133
-0.038757324
-0.037841797
-0.037109375
-0.036224365
-0.03527832
-0.033294678
-0.03237915
-0.03048706
-0.02822876
-0.027557373
-0.025878906
-0.024383545
-0.023345947
-0.021942139
-0.020874023
-0.019439697
-0.01864624
-0.018035889
-0.01828003
-0.018096924
-0.01828003
-0.018096924
-0.018310547
-0.017974854
-0.017547607
-0.017120361
-0.016937256
-0.017425537
-0.017791748
-0.018249512
-0.018676758
-0.019256592
-0.018188477
-0.019012451
-0.018157959
-0.018249512
-0.018005371
-0.017242432
-0.01626587
-0.015960693
-0.01550293
-0.015045166
-0.015258789
-0.014556885
-0.013671875
-0.012969971
-0.012756348
-0.012176514
-0.011962891
-0.0113220215
-0.011199951
-0.010101318
-0.0095825195
-0.007965088
-0.007019043
-0.005432129
-0.0037231445
-0.0020751953
-6.1035156E-4
3.3569336E-4
0.002105713
0.0036621094
0.0053710938
0.0069885254
0.009216309
0.011779785
0.014129639
0.016723633
0.019866943
0.02166748
0.024047852
0.025482178
0.027496338
0.029724121
0.03149414
0.034973145
0.036895752
0.039215088
0.040924072
0.042633057
0.045074463
0.046722412
0.04827881
0.050323486
0.052215576
0.052734375
0.05380249
0.053894043
0.053955078
0.053253174
0.05166626
0.051605225
0.05065918
0.048950195
0.0473938
0.04537964
0.04309082
0.04168701
0.039367676
0.036956787
0.034423828
0.03137207
0.028442383
0.024749756
0.021972656
0.017791748
0.014953613
0.012207031
0.009033203
0.0074768066
0.0049743652
0.0032043457
0.0015258789
-7.6293945E-4
-0.003540039
-0.006378174
-0.008453369
-0.01171875
-0.013916016
-0.016571045
-0.018554688
-0.020111084
-0.023010254
-0.025787354
-0.028045654
-0.030731201
-0.032928467
-0.03488159
-0.037109375
-0.03869629
-0.04006958
-0.040222168
-0.040283203
-0.03970337
-0.03878784
-0.038024902
-0.03717041
-0.036376953
-0.03540039
-0.03363037
-0.032318115
-0.03164673
-0.030334473
-0.028411865
-0.02758789
-0.025390625
-0.023620605
-0.021942139
-0.020477295
-0.01953125
-0.019073486
-0.018707275
-0.018127441
-0.0178833
-0.016845703
-0.016143799
-0.015838623
-0.015991211
-0.015899658
-0.015960693
-0.015899658
-0.015930176
-0.015930176
-0.015899658
-0.01626587
-0.017211914
-0.017974854
-0.018310547
-0.017456055
-0.01675415
-0.016571045
-0.015930176
-0.015808105
-0.014831543
-0.014160156
-0.013153076
-0.012939453
-0.012390137
-0.012145996
-0.011566162
-0.0113220215
-0.009887695
-0.009124756
-0.009033203
-0.008270264
-0.008270264
-0.0071105957
-0.0065612793
-0.0048828125
-0.003967285
-0.0024719238
-8.544922E-4
1.2207031E-4
0.002380371
0.0032348633
0.005065918
0.0065307617
0.0087890625
0.010772705
0.0128479
0.014862061
0.016906738
0.019714355
0.022003174
0.024627686
0.026794434
0.028686523
0.031188965
0.03378296
0.03616333
0.038757324
0.04055786
0.042877197
0.044799805
0.046295166
0.048065186
0.049591064
0.051361084
0.052825928
0.0546875
0.05596924
0.056762695
0.057159424
0.056488037
0.055603027
0.054748535
0.05307007
0.051513672
0.0496521
0.04736328
0.045776367
0.04421997
0.042053223
0.039886475
0.038024902
0.034606934
0.032196045
0.028686523
0.024871826
0.022247314
0.018981934
0.015319824
0.011383057
0.008666992
0.0061035156
0.0040893555
0.0026245117
2.1362305E-4
-0.002166748
-0.0047912598
-0.0079956055
-0.010620117
-0.013793945
-0.016052246
-0.018707275
-0.021148682
-0.023651123
-0.026062012
-0.028564453
-0.031066895
-0.03289795
-0.03515625
-0.037017822
-0.039154053
-0.039855957
-0.042022705
-0.042419434
-0.043182373
-0.042785645
-0.042419434
-0.041900635
-0.040985107
-0.04006958
-0.03857422
-0.037597656
-0.036132812
-0.035186768
-0.033294678
-0.031829834
-0.029968262
-0.028411865
-0.026672363
-0.025848389
-0.024993896
-0.024291992
-0.024230957
-0.023223877
-0.02279663
-0.02255249
-0.021453857
-0.021362305
-0.020721436
-0.02053833
-0.020568848
-0.020599365
-0.021331787
-0.02130127
-0.02130127
-0.021331787
-0.021209717
-0.021759033
-0.022155762
-0.022064209
-0.021484375
-0.021209717
-0.020629883
-0.01965332
-0.018951416
-0.017852783
-0.017425537
-0.017181396
-0.016143799
-0.015930176
-0.015472412
-0.013916016
-0.012908936
-0.012908936
-0.012084961
-0.012298584
-0.011871338
-0.011505127
-0.01083374
-0.009429932
-0.008331299
-0.006500244
-0.0042419434
-0.002960205
-0.0016479492
1.8310547E-4
0.0016479492
0.0034484863
0.0049438477
0.006958008
0.009643555
0.0115356445
0.013641357
0.016174316
0.01928711
0.022033691
0.024291992
0.026153564
0.028533936
0.031066895
0.033569336
0.036102295
0.038513184
0.041046143
0.043029785
0.0446167
0.04626465
0.048614502
0.050354004
0.051879883
0.05368042
0.05496216
0.05596924
0.05630493
0.05633545
0.055786133
0.05480957
0.053985596
0.052490234
0.050750732
0.04925537
0.047302246
0.04510498
0.043395996
0.041809082
0.03967285
0.037231445
0.034179688
0.030761719
0.027435303
0.023529053
0.020874023
0.017547607
0.014190674
0.011230469
0.0087890625
0.006652832
0.0046691895
0.0018920898
3.3569336E-4
-0.0028076172
-0.005279541
-0.007965088
-0.011047363
-0.01373291
-0.016845703
-0.019226074
-0.021820068
-0.024291992
-0.026184082
-0.028289795
-0.031036377
-0.03265381
-0.035186768
-0.037597656
-0.040039062
-0.04119873
-0.04244995
-0.043701172
-0.04272461
-0.042541504
-0.041931152
-0.04171753
-0.041107178
-0.040130615
-0.03945923
-0.03842163
-0.036743164
-0.035339355
-0.03451538
-0.031982422
-0.030639648
-0.029205322
-0.028167725
-0.027404785
-0.02658081
-0.0256958
-0.025115967
-0.024871826
-0.024230957
-0.024139404
-0.023010254
-0.022857666
-0.022338867
-0.021392822
-0.021270752
-0.022033691
-0.022064209
-0.022033691
-0.02218628
-0.02319336
-0.023620605
-0.023590088
-0.02355957
-0.023651123
-0.023010254
-0.022125244
-0.022003174
-0.021331787
-0.020355225
-0.019836426
-0.019592285
-0.01876831
-0.017791748
-0.01739502
-0.017028809
-0.016052246
-0.015319824
-0.014434814
-0.014434814
-0.013549805
-0.012786865
-0.011779785
-0.0101623535
-0.009979248
-0.009246826
-0.0072631836
-0.006378174
-0.004852295
-0.0024719238
-7.019043E-4
0.0016174316
0.003326416
0.0048828125
0.0068969727
0.009399414
0.01184082
0.014343262
0.016693115
0.019897461
0.02267456
0.024932861
0.027557373
0.029846191
0.03265381
0.03463745
0.03668213
0.03878784
0.040740967
0.043426514
0.045837402
0.048339844
0.050811768
0.051696777
0.05255127
0.054260254
0.055908203
0.056243896
0.056610107
0.05722046
0.056549072
0.055725098
0.05493164
0.053344727
0.051605225
0.049987793
0.04748535
0.04611206
0.044006348
0.041900635
0.03982544
0.037384033
0.034332275
0.03164673
0.027862549
0.023590088
0.020385742
0.01687622
0.013824463
0.011474609
0.008850098
0.0068969727
0.0047302246
0.0026855469
6.1035156E-5
-0.0022888184
-0.0041503906
-0.0072631836
-0.009979248
-0.013031006
-0.015655518
-0.018859863
-0.021209717
-0.023773193
-0.026184082
-0.028137207
-0.030273438
-0.032440186
-0.035064697
-0.036590576
-0.038269043
-0.039978027
-0.04119873
-0.040863037
-0.041168213
-0.04046631
-0.040222168
-0.03970337
-0.03878784
-0.037994385
-0.03640747
-0.03555298
-0.03375244
-0.032440186
-0.031463623
-0.02947998
-0.028411865
-0.027130127
-0.025360107
-0.023803711
-0.02279663
-0.022094727
-0.021972656
-0.021209717
-0.02142334
-0.020965576
-0.02053833
-0.020263672
-0.019226074
-0.01852417
-0.018188477
-0.019042969
-0.019012451
-0.019134521
-0.019866943
-0.019714355
-0.020080566
-0.020690918
-0.020477295
-0.0206604
-0.020050049
-0.019165039
-0.018981934
-0.0184021
-0.018157959
-0.01651001
-0.01574707
-0.014862061
-0.014160156
-0.013183594
-0.012908936
-0.012451172
-0.012054443
-0.012298584
-0.010681152
-0.009887695
-0.009002686
-0.008270264
-0.0072021484
-0.0054626465
-0.0037231445
-0.002166748
-3.6621094E-4
5.493164E-4
0.0020141602
0.0036621094
0.006225586
0.008544922
0.010406494
0.012634277
0.01449585
0.016723633
0.01852417
0.021850586
0.024536133
0.02633667
0.028564453
0.031280518
0.033599854
0.036224365
0.038391113
0.040222168
0.042816162
0.04534912
0.047424316
0.048828125
