buf 12 of 46 length=1792
0.051208496
0.053009033
0.055419922
0.056365967
0.05722046
0.05883789
0.05947876
0.060272217
0.059539795
0.059417725
0.05834961
0.057128906
0.055877686
0.053894043
0.051696777
0.049835205
0.047546387
0.045837402
0.042907715
0.039794922
0.03756714
0.0345459
0.031158447
0.0284729
0.025360107
0.02130127
0.01876831
0.015411377
0.013153076
0.010467529
0.008483887
0.006439209
0.0037841797
0.0014953613
-0.0016479492
-0.004333496
-0.0067749023
-0.009429932
-0.012481689
-0.015136719
-0.01828003
-0.020721436
-0.023223877
-0.025634766
-0.028167725
-0.03012085
-0.032318115
-0.034973145
-0.037231445
-0.039031982
-0.040405273
-0.041290283
-0.0418396
-0.041503906
-0.04043579
-0.040283203
-0.039733887
-0.038879395
-0.038024902
-0.03729248
-0.0362854
-0.034851074
-0.033843994
-0.032165527
-0.030456543
-0.028778076
-0.027069092
-0.026000977
-0.025238037
-0.024383545
-0.02355957
-0.022827148
-0.02279663
-0.022888184
-0.022583008
-0.021972656
-0.022155762
-0.021697998
-0.020629883
-0.021118164
-0.021331787
-0.021972656
-0.022064209
-0.022155762
-0.022827148
-0.021820068
-0.022521973
-0.022521973
-0.021881104
-0.022216797
-0.02142334
-0.02130127
-0.020629883
-0.02053833
-0.01965332
-0.018096924
-0.017211914
-0.016448975
-0.015472412
-0.015136719
-0.014801025
-0.013824463
-0.013092041
-0.012207031
-0.012145996
-0.010559082
-0.00982666
-0.0087890625
-0.0071105957
-0.005432129
-0.0037231445
-0.0020141602
-9.460449E-4
3.3569336E-4
0.002166748
0.0036315918
0.0063476562
0.008544922
0.010437012
0.0128479
0.015472412
0.017456055
0.019927979
0.023071289
0.024597168
0.027648926
0.030334473
0.03277588
0.035247803
0.037719727
0.040130615
0.04272461
0.044891357
0.04675293
0.04949951
0.051208496
0.053497314
0.055419922
0.057006836
0.057861328
0.058685303
0.059509277
0.060180664
0.0597229
0.05899048
0.057617188
0.05645752
0.0552063
0.05331421
0.05105591
0.049224854
0.047729492
0.045959473
0.044311523
0.0413208
0.038024902
0.03463745
0.031463623
0.02798462
0.024810791
0.021362305
0.018341064
0.0154418945
0.01260376
0.010772705
0.008331299
0.0056762695
0.0036621094
0.0016174316
-9.1552734E-4
-0.0039367676
-0.007385254
-0.009979248
-0.013061523
-0.014862061
-0.018249512
-0.020263672
-0.022521973
-0.025756836
-0.027435303
-0.029754639
-0.032318115
-0.034088135
-0.036376953
-0.038146973
-0.039642334
-0.04031372
-0.040161133
-0.040374756
-0.03982544
-0.039489746
-0.039093018
-0.038116455
-0.03677368
-0.03564453
-0.035095215
-0.03390503
-0.03262329
-0.031463623
-0.03012085
-0.028869629
-0.02758789
-0.026824951
-0.026519775
-0.026062012
-0.025054932
-0.024383545
-0.024230957
-0.023468018
-0.022583008
-0.021972656
-0.022155762
-0.021942139
-0.022583008
-0.022888184
-0.022766113
-0.023468018
-0.02368164
-0.024230957
-0.024536133
-0.024932861
-0.024230957
-0.02432251
-0.024383545
-0.023895264
-0.023529053
-0.023132324
-0.022064209
-0.02142334
-0.021148682
-0.020629883
-0.02041626
-0.019561768
-0.018707275
-0.017944336
-0.01687622
-0.016723633
-0.016204834
-0.014678955
-0.013641357
-0.012969971
-0.011932373
-0.010528564
-0.009521484
-0.0078125
-0.006134033
-0.004425049
-0.0027770996
-0.0011901855
4.8828125E-4
0.002105713
0.0037841797
0.0062561035
0.007965088
0.010559082
0.01272583
0.014526367
0.01727295
0.019622803
0.022216797
0.024536133
0.027130127
0.029418945
0.032226562
0.034301758
0.036468506
0.039276123
0.041137695
0.043548584
0.04486084
0.04714966
0.0496521
0.051483154
0.05303955
0.053985596
0.05480957
0.054748535
0.05496216
0.055541992
0.05392456
0.052734375
0.05154419
0.049713135
0.04876709
0.047332764
0.045562744
0.04324341
0.04046631
0.03842163
0.0362854
0.033050537
0.030853271
0.027679443
0.024475098
0.021148682
0.017822266
0.015106201
0.012176514
0.010253906
0.00793457
0.005218506
0.0031738281
0.0010986328
-9.1552734E-4
-0.0029296875
-0.005584717
-0.008666992
-0.011352539
-0.01373291
-0.017059326
-0.019439697
-0.022094727
-0.024139404
-0.026062012
-0.028625488
-0.031188965
-0.03314209
-0.035247803
-0.037261963
-0.038604736
-0.03970337
-0.040161133
-0.040374756
-0.039916992
-0.039520264
-0.039154053
-0.038269043
-0.036987305
-0.035217285
-0.034301758
-0.0335083
-0.032592773
-0.031066895
-0.030181885
-0.028167725
-0.02709961
-0.025787354
-0.02456665
-0.023773193
-0.023590088
-0.022979736
-0.022766113
-0.022033691
-0.021270752
-0.021209717
-0.020446777
-0.0206604
-0.020477295
-0.0206604
-0.020446777
-0.0211792
-0.020751953
-0.020477295
-0.021362305
-0.022064209
-0.022064209
-0.022094727
-0.021881104
-0.020874023
-0.020477295
-0.0206604
-0.019989014
-0.01977539
-0.019165039
-0.018951416
-0.01828003
-0.01727295
-0.01651001
-0.015655518
-0.014801025
-0.014404297
-0.014099121
-0.013061523
-0.012390137
-0.011444092
-0.01071167
-0.009796143
-0.008270264
-0.007385254
-0.0055236816
-0.004180908
-0.003112793
-0.0013427734
2.4414062E-4
0.0018615723
0.004119873
0.0061035156
0.008361816
0.010192871
0.01260376
0.015075684
0.017578125
0.019897461
0.021209717
0.023925781
0.026855469
0.029083252
0.031829834
0.034851074
0.03677368
0.038970947
0.04071045
0.042175293
0.04446411
0.04638672
0.04849243
0.050567627
0.05206299
0.053863525
0.05480957
0.055511475
0.056427002
0.05606079
0.055419922
0.05407715
0.05279541
0.05154419
0.050354004
0.049102783
0.047332764
0.045074463
0.042510986
0.039978027
0.037506104
0.03503418
0.03265381
0.029815674
0.026367188
0.023162842
0.01977539
0.017089844
0.013977051
0.0113220215
0.009094238
0.007171631
0.004852295
0.0030517578
4.272461E-4
-0.0018920898
-0.0044555664
-0.006866455
-0.009521484
-0.011810303
-0.01449585
-0.017364502
-0.019592285
-0.02243042
-0.02432251
-0.026489258
-0.02835083
-0.031036377
-0.033569336
-0.03543091
-0.037017822
-0.037994385
-0.038726807
-0.038726807
-0.03881836
-0.038513184
-0.03793335
-0.03778076
-0.036712646
-0.036102295
-0.034576416
-0.033569336
-0.032806396
-0.031219482
-0.029449463
-0.027832031
-0.026123047
-0.024749756
-0.024017334
-0.023132324
-0.022369385
-0.021453857
-0.02130127
-0.020690918
-0.020507812
-0.020568848
-0.019683838
-0.019927979
-0.01953125
-0.018981934
-0.019073486
-0.019012451
-0.019073486
-0.019012451
-0.019683838
-0.019866943
-0.020507812
-0.020629883
-0.02041626
-0.019683838
-0.019927979
-0.01940918
-0.018981934
-0.018676758
-0.017578125
-0.016845703
-0.015930176
-0.015197754
-0.014312744
-0.013641357
-0.013580322
-0.012481689
-0.012207031
-0.011749268
-0.011352539
-0.010986328
-0.0099487305
-0.009338379
-0.0075683594
-0.006134033
-0.005004883
-0.0033874512
-0.0017089844
-1.5258789E-4
0.0016174316
0.0030212402
0.0054626465
0.0073547363
0.008972168
0.010559082
0.013092041
0.015319824
0.01727295
0.019470215
0.02166748
0.024841309
0.027069092
0.029693604
0.032165527
0.0340271
0.0362854
0.038085938
0.04046631
0.04309082
0.045532227
0.047821045
0.04928589
0.05105591
0.052520752
0.054473877
0.05532837
0.056915283
0.05706787
0.057861328
0.057495117
0.05621338
0.055999756
0.053985596
0.0524292
0.05065918
0.04916382
0.047424316
0.045837402
0.044128418
0.041656494
0.03918457
0.03665161
0.033172607
0.030212402
0.02746582
0.023620605
0.019866943
0.017242432
0.01473999
0.012329102
0.010528564
0.008239746
0.006378174
0.0028381348
0.0010986328
-0.0014343262
-0.003967285
-0.0058898926
-0.008605957
-0.0115356445
-0.014373779
-0.017242432
-0.019348145
-0.021514893
-0.023345947
-0.025939941
-0.028015137
-0.029907227
-0.032806396
-0.0340271
-0.035369873
-0.036499023
-0.037109375
-0.03817749
-0.03857422
-0.038024902
-0.037597656
-0.036010742
-0.035461426
-0.034454346
-0.033843994
-0.032287598
-0.031311035
-0.029693604
-0.028808594
-0.027923584
-0.026367188
-0.025512695
-0.023620605
-0.02243042
-0.021606445
-0.021209717
-0.021392822
-0.020690918
-0.019897461
-0.019714355
-0.01828003
-0.017242432
-0.01776123
-0.01828003
-0.018615723
-0.019134521
-0.018981934
-0.019073486
-0.019042969
-0.019012451
-0.01977539
-0.019805908
-0.019836426
-0.019622803
-0.018951416
-0.019104004
-0.01876831
-0.017669678
-0.01739502
-0.016937256
-0.015991211
-0.0152282715
-0.014404297
-0.014434814
-0.013397217
-0.012939453
-0.012634277
-0.012023926
-0.012298584
-0.011688232
-0.01083374
-0.010040283
-0.009216309
-0.008361816
-0.006713867
-0.0049743652
-0.0032958984
-0.001739502
3.0517578E-5
0.0011901855
0.0023498535
0.004180908
0.0057373047
0.0082092285
0.010559082
0.013153076
0.015380859
0.01727295
0.01965332
0.021362305
0.024169922
0.025909424
0.028137207
0.030151367
0.0317688
0.034088135
0.03668213
0.038879395
0.040802002
0.043151855
0.04473877
0.046295166
0.04849243
0.050079346
0.050628662
0.051605225
0.05230713
0.0524292
0.051513672
0.050811768
0.04977417
0.048065186
0.04647827
0.04473877
0.043273926
0.040863037
0.038970947
0.036743164
0.034942627
0.033355713
0.030700684
0.027252197
0.024291992
0.021606445
0.018127441
0.014801025
0.011993408
0.009674072
0.0071411133
0.004638672
0.00289917
3.9672852E-4
-0.0018615723
-0.0036315918
-0.006286621
-0.008728027
-0.011260986
-0.013671875
-0.016143799
-0.018676758
-0.021148682
-0.023620605
-0.025268555
-0.027893066
-0.030029297
-0.032073975
-0.034210205
-0.03616333
-0.03842163
-0.039245605
-0.04019165
-0.040222168
-0.040252686
-0.04019165
-0.039367676
-0.0385437
-0.037719727
-0.036956787
-0.03579712
-0.033966064
-0.03289795
-0.032165527
-0.030670166
-0.028839111
-0.028076172
-0.026184082
-0.024047852
-0.023376465
-0.022521973
-0.02166748
-0.020904541
-0.019958496
-0.019805908
-0.019195557
-0.018341064
-0.01828003
-0.018371582
-0.018127441
-0.017333984
-0.017456055
-0.017425537
-0.017364502
-0.017913818
-0.018951416
-0.019042969
-0.019042969
-0.018341064
-0.01828003
-0.018310547
-0.018310547
-0.018127441
-0.016937256
-0.01675415
-0.01626587
-0.015380859
-0.014556885
-0.013763428
-0.012878418
-0.012207031
-0.012054443
-0.011352539
-0.011444092
-0.011199951
-0.010101318
-0.010009766
-0.00894165
-0.007659912
-0.0071105957
-0.0053100586
-0.003753662
-0.0028381348
-0.0011291504
4.272461E-4
0.002166748
0.0033874512
0.004486084
0.0064086914
0.007965088
0.00970459
0.011260986
0.013000488
0.016143799
0.01763916
0.019714355
0.021881104
0.023742676
0.026367188
0.028717041
0.031341553
0.033813477
0.035614014
0.037200928
0.038879395
0.04055786
0.043151855
0.04446411
0.046661377
0.048736572
0.049987793
0.050109863
0.050689697
0.051605225
0.05102539
0.05078125
0.049316406
0.048339844
0.046661377
0.04498291
0.043701172
0.042663574
0.040130615
0.038391113
0.036071777
0.03366089
0.030334473
0.027160645
0.024353027
0.020355225
0.017150879
0.013977051
0.011779785
0.008728027
0.0057678223
0.004058838
0.0017089844
-0.0
-0.0016784668
-0.004058838
-0.005706787
-0.008728027
-0.011657715
-0.014129639
-0.016418457
-0.019683838
-0.021820068
-0.02456665
-0.02670288
-0.028747559
-0.030883789
-0.03302002
-0.03491211
-0.03729248
-0.038269043
-0.039978027
-0.0418396
-0.04159546
-0.04260254
-0.041809082
-0.041778564
-0.040863037
-0.04019165
-0.039031982
-0.03765869
-0.036895752
-0.036102295
-0.034851074
-0.03302002
-0.032104492
-0.029937744
-0.027923584
-0.025878906
-0.024749756
-0.023406982
-0.022338867
-0.02078247
-0.020629883
-0.020080566
-0.019805908
-0.018737793
-0.018096924
-0.017700195
-0.017150879
-0.01687622
-0.016357422
-0.016052246
-0.01550293
-0.01550293
-0.016021729
-0.015899658
-0.015899658
-0.016601562
-0.016021729
-0.015899658
-0.015930176
-0.015960693
-0.01574707
-0.014862061
-0.014038086
-0.013336182
-0.0119018555
-0.010803223
-0.010009766
-0.009918213
-0.009124756
-0.008422852
-0.0082092285
-0.0076293945
-0.0074157715
-0.0066223145
-0.0052490234
-0.0039978027
-0.002746582
-0.0015563965
-2.4414062E-4
8.544922E-4
0.002319336
0.0039367676
0.004760742
0.00680542
0.007904053
0.009124756
0.010803223
0.0128479
0.015533447
0.017181396
0.019683838
0.021331787
0.023101807
0.02545166
0.027130127
0.029876709
0.032226562
0.03488159
0.03668213
0.038970947
0.040771484
0.043151855
0.044921875
0.046569824
0.049041748
0.050445557
0.051086426
0.052337646
0.053710938
0.054534912
0.054840088
0.05480957
0.054138184
0.053985596
0.05307007
0.051513672
0.050598145
0.048858643
0.047058105
0.04434204
0.042419434
0.04031372
0.037139893
0.034454346
0.032104492
0.028686523
0.026275635
0.022705078
0.018798828
0.015411377
0.012481689
0.010131836
0.0076293945
0.0050964355
0.0025939941
1.5258789E-4
-0.0022583008
-0.0039978027
-0.0065612793
-0.009033203
-0.01159668
-0.015289307
-0.01751709
-0.020202637
-0.02255249
-0.024536133
-0.02658081
-0.028656006
-0.030731201
-0.032928467
-0.03463745
-0.036376953
-0.03894043
-0.03970337
-0.0413208
-0.041778564
-0.042388916
-0.04269409
-0.041809082
-0.040924072
-0.040222168
-0.039093018
-0.03778076
-0.036621094
-0.035339355
-0.034179688
-0.03286743
-0.03173828
-0.029724121
-0.028259277
-0.02645874
-0.025024414
-0.024108887
-0.02355957
-0.023468018
-0.022064209
-0.020812988
-0.020111084
-0.019226074
-0.0184021
-0.01828003
-0.018310547
-0.017333984
-0.01663208
-0.01675415
-0.016601562
-0.017028809
-0.01751709
-0.017364502
-0.01751709
-0.016845703
-0.01663208
-0.01675415
-0.016601562
-0.016815186
-0.016326904
-0.015014648
-0.015106201
-0.013580322
-0.012420654
-0.011688232
-0.010803223
-0.010009766
-0.009185791
-0.009094238
-0.0074768066
-0.0067749023
-0.00579834
-0.0052490234
-0.0050354004
-0.0039978027
-0.0033874512
-0.0018920898
-2.4414062E-4
0.0014038086
0.0029907227
0.0038757324
0.005584717
0.0073242188
0.008911133
0.010650635
0.0121154785
0.014343262
0.016296387
0.018493652
0.020507812
0.022644043
0.024597168
0.026763916
0.028656006
0.031188965
0.033691406
0.035888672
0.037261963
0.0395813
0.04144287
0.04373169
0.046295166
0.047973633
0.04949951
0.05041504
0.05215454
0.053771973
0.055389404
0.055389404
0.056121826
0.055786133
0.055480957
0.054260254
0.05303955
0.051574707
0.049804688
0.04827881
0.046539307
0.044799805
0.041870117
0.040161133
0.037384033
0.0345459
0.03225708
0.029571533
0.026367188
0.023071289
0.019805908
0.016357422
0.013153076
0.010040283
0.008331299
0.0059509277
0.004058838
0.0018310547
-6.713867E-4
-0.0031433105
-0.005554199
-0.0082092285
-0.010498047
-0.013427734
-0.01626587
-0.01889038
-0.02078247
-0.023010254
-0.024902344
-0.02645874
-0.028778076
-0.030822754
-0.033813477
-0.03555298
-0.037994385
-0.039123535
-0.039916992
-0.040740967
-0.041137695
-0.04034424
-0.04019165
-0.03955078
-0.038635254
-0.037902832
-0.037017822
-0.0362854
-0.035125732
-0.03338623
-0.031829834
-0.030029297
-0.028961182
-0.027618408
-0.025848389
-0.02508545
-0.024169922
-0.023468018
-0.022460938
-0.022064209
-0.02178955
-0.020812988
-0.020111084
-0.019134521
-0.019042969
-0.018371582
-0.01828003
-0.018310547
-0.018310547
-0.01828003
-0.018341064
-0.018218994
-0.018707275
-0.019134521
-0.019012451
-0.019042969
-0.019042969
-0.018310547
-0.017425537
-0.017364502
-0.016448975
-0.015686035
-0.014831543
-0.014038086
-0.013183594
-0.012420654
-0.011505127
-0.011383057
-0.01071167
-0.00982666
-0.009063721
-0.008178711
-0.007385254
-0.006591797
-0.0056762695
-0.004852295
-0.0035705566
-0.0018005371
-2.4414062E-4
0.0014648438
0.0030212402
0.004760742
0.0063171387
0.007232666
0.009063721
0.010498047
0.01272583
0.014678955
0.01675415
0.019439697
0.021881104
0.023651123
0.026031494
0.027557373
0.029449463
0.03201294
0.0345459
0.03656006
0.03857422
0.04119873
0.04309082
0.044677734
0.04638672
0.048675537
0.049621582
0.05126953
0.052978516
0.054473877
0.054840088
0.054748535
0.054840088
0.05429077
0.052642822
0.051605225
0.0501709
0.04840088
0.046783447
0.044036865
0.042053223
0.039886475
0.03781128
0.0362854
0.03414917
0.030914307
0.027618408
0.024169922
0.020355225
0.017700195
0.014465332
0.011932373
0.008575439
0.007019043
0.0041503906
0.0018005371
-2.1362305E-4
-0.0022277832
-0.0043640137
-0.0072021484
-0.010284424
-0.01272583
-0.015319824
-0.018829346
-0.021850586
-0.023712158
-0.025787354
-0.028411865
-0.030212402
-0.032592773
-0.03515625
-0.03744507
-0.039123535
-0.040527344
-0.041290283
-0.042144775
-0.043151855
-0.043395996
-0.043426514
-0.042755127
-0.0418396
-0.04019165
-0.039489746
-0.038482666
-0.038085938
-0.037475586
-0.036071777
-0.035003662
-0.033233643
-0.03112793
-0.0289917
-0.028198242
-0.027313232
-0.026519775
-0.025726318
-0.024871826
-0.02407837
-0.023223877
-0.022705078
-0.022949219
-0.022277832
-0.022033691
-0.021453857
-0.0211792
-0.020690918
-0.02130127
-0.02130127
-0.02130127
-0.021240234
-0.021636963
-0.022216797
-0.021942139
-0.02218628
-0.021362305
-0.021331787
-0.0211792
-0.01977539
-0.019714355
-0.01876831
-0.018066406
-0.016693115
-0.015411377
-0.014770508
-0.013793945
-0.013671875
-0.013031006
-0.0121154785
-0.011413574
-0.0113220215
-0.010406494
-0.00970459
-0.008514404
-0.00680542
-0.0051574707
-0.0034179688
-0.0018310547
-1.5258789E-4
0.0014343262
0.0031738281
0.005554199
0.007232666
0.008911133
0.010498047
0.012420654
0.015136719
0.01687622
0.019256592
0.021148682
0.023376465
0.02520752
0.02758789
0.030090332
0.032684326
0.035064697
0.03768921
0.03955078
0.041778564
0.043792725
0.045928955
0.047851562
0.050079346
0.051818848
0.053497314
0.05505371
0.05581665
0.056365967
0.05630493
0.055877686
0.055389404
0.055145264
0.053253174
0.052490234
0.050720215
0.04928589
0.04727173
0.045166016
0.043182373
0.04095459
0.039031982
0.03591919
0.03265381
0.029266357
0.025939941
0.022003174
0.01940918
0.016082764
0.0138549805
0.010925293
0.0082092285
0.0069274902
0.0045776367
0.0020141602
2.1362305E-4
-0.0020141602
-0.0045776367
-0.0071105957
-0.009552002
-0.012176514
-0.015563965
-0.01864624
-0.020568848
-0.022735596
-0.02468872
-0.027404785
-0.029632568
-0.031707764
-0.033813477
-0.0357666
-0.036895752
-0.03829956
-0.039031982
-0.039978027
-0.040252686
-0.04034424
-0.039123535
-0.038604736
-0.03817749
-0.037078857
-0.03652954
-0.035339355
-0.033966064
-0.033172607
-0.03213501
-0.03012085
-0.029144287
-0.027709961
-0.026641846
-0.025909424
-0.025817871
-0.024993896
-0.02420044
-0.023284912
-0.022827148
-0.02255249
-0.021881104
-0.022216797
-0.021453857
-0.021270752
-0.02130127
-0.02130127
-0.021331787
-0.022155762
-0.021942139
-0.022399902
-0.022613525
-0.021881104
-0.02218628
-0.021972656
-0.022155762
-0.021972656
-0.021453857
-0.021118164
-0.020690918
-0.020202637
-0.01876831
-0.017944336
-0.017059326
-0.016235352
-0.0154418945
-0.014556885
-0.013824463
-0.012878418
-0.012268066
-0.012023926
-0.011383057
-0.010131836
-0.008911133
-0.007659912
-0.006439209
-0.0051879883
-0.0033569336
-0.0017700195
-1.2207031E-4
0.0015258789
0.0038757324
0.005584717
0.007385254
0.010101318
0.011993408
0.014129639
0.016113281
0.018249512
0.020874023
0.02331543
0.025787354
0.028289795
0.030670166
0.032440186
0.035003662
0.03741455
0.039855957
0.04244995
0.04449463
0.045928955
0.048339844
0.050109863
0.05166626
0.05340576
0.055023193
0.055725098
0.056488037
0.055847168
0.055511475
0.055145264
0.0541687
0.053375244
0.05178833
0.050842285
0.049316406
0.047454834
0.045196533
0.04336548
0.040985107
0.03955078
0.037384033
0.03439331
0.030975342
0.027740479
0.024261475
0.020507812
0.01776123
0.014587402
0.012084961
0.010040283
0.008056641
0.00579834
0.004272461
0.0025939941
3.9672852E-4
-0.0021972656
-0.005340576
-0.0087890625
-0.010925293
-0.012817383
-0.015380859
-0.017547607
-0.019104004
-0.021148682
-0.024383545
-0.026428223
-0.028533936
-0.03060913
-0.032714844
-0.03375244
-0.035308838
-0.0357666
-0.035736084
-0.035705566
-0.03579712
-0.035186768
-0.034973145
-0.034362793
-0.034179688
-0.03338623
-0.031799316
-0.030914307
-0.0289917
-0.027709961
-0.027038574
-0.025665283
-0.024505615
-0.023223877
-0.022033691
-0.021453857
-0.02041626
-0.019897461
-0.019592285
-0.019012451
-0.019042969
-0.019073486
-0.018981934
-0.019165039
-0.0184021
-0.01889038
-0.019073486
-0.019805908
-0.020568848
-0.0206604
-0.021392822
-0.021240234
-0.021331787
-0.021270752
-0.021331787
-0.021270752
-0.02130127
-0.02130127
-0.020599365
-0.019714355
-0.018981934
-0.019012451
-0.017822266
-0.017486572
-0.016998291
-0.016723633
-0.015716553
-0.014434814
-0.0138549805
-0.0128479
-0.012207031
-0.0121154785
-0.011077881
-0.009613037
-0.008666992
-0.0067749023
-0.005279541
-0.0033569336
-0.0025024414
-9.765625E-4
6.4086914E-4
0.0030822754
0.004638672
0.006652832
0.008728027
0.009521484
0.01171875
0.014129639
0.016662598
0.019073486
0.022338867
0.024230957
0.026519775
0.028320312
0.030883789
0.03326416
0.035888672
0.037902832
0.039916992
0.042053223
0.044128418
0.046203613
0.047607422
0.0501709
0.051696777
0.05343628
0.05407715
0.055236816
0.0552063
0.054779053
0.05441284
0.053466797
0.052001953
0.050964355
0.04953003
0.047058105
0.045440674
0.043823242
0.041992188
0.03930664
0.03692627
0.034454346
0.031677246
0.027496338
0.02456665
0.022338867
0.018951416
0.016571045
0.013885498
0.01184082
0.009765625
0.007751465
0.0056152344
0.003540039
0.0015258789
-0.0010986328
-0.0035095215
-0.005279541
-0.0078125
-0.010131836
-0.011932373
-0.014251709
-0.015930176
-0.018798828
-0.0206604
-0.02279663
-0.025390625
-0.027770996
-0.02960205
-0.031158447
-0.032196045
-0.03366089
-0.034484863
-0.035095215
-0.03491211
-0.035095215
-0.034454346
-0.034179688
-0.033691406
-0.032684326
-0.031982422
-0.030273438
-0.029541016
-0.028381348
-0.026977539
-0.026275635
-0.025421143
-0.024597168
-0.023773193
-0.022979736
-0.022125244
-0.02130127
-0.020507812
-0.019744873
-0.019866943
-0.019592285
-0.018859863
-0.019470215
-0.019866943
-0.01977539
-0.01977539
-0.02041626
-0.020629883
-0.02053833
-0.021484375
-0.022064209
-0.022094727
-0.021972656
-0.02243042
-0.022949219
-0.022735596
-0.022918701
-0.022155762
-0.022064209
-0.021270752
-0.020568848
-0.020477295
-0.019561768
-0.018737793
-0.018188477
-0.0184021
-0.017791748
-0.016784668
-0.016693115
-0.016021729
-0.015136719
-0.014343262
-0.012664795
-0.012084961
-0.010864258
-0.009552002
-0.008483887
-0.0066223145
-0.005126953
-0.0026855469
-9.1552734E-4
7.324219E-4
0.0030822754
0.004760742
0.0064697266
0.008270264
0.010955811
0.012908936
0.014892578
0.017547607
0.020050049
0.021881104
0.024108887
0.02670288
0.0289917
0.030853271
0.033416748
0.035827637
0.038391113
0.040374756
0.042053223
0.043701172
0.045959473
0.047821045
0.04937744
0.05102539
0.051757812
0.052520752
0.05218506
0.05130005
0.05053711
0.0496521
0.048950195
0.04748535
0.045806885
0.044158936
0.041748047
0.039978027
0.03842163
0.036590576
0.033996582
0.031585693
0.029083252
0.026123047
0.022644043
0.020141602
0.01751709
0.015136719
0.012542725
0.010375977
0.008483887
0.006225586
0.004272461
0.0019836426
6.713867E-4
-0.0016784668
-0.0041503906
-0.0060424805
-0.008331299
-0.010101318
-0.011627197
