buf 13 of 46 length=1792
-0.013458252
-0.015991211
-0.018432617
-0.021148682
-0.022979736
-0.025177002
-0.02709961
-0.028656006
-0.02960205
-0.031280518
-0.03201294
-0.033050537
-0.033233643
-0.032684326
-0.032348633
-0.031951904
-0.03149414
-0.031158447
-0.029968262
-0.028747559
-0.028869629
-0.02709961
-0.026550293
-0.02532959
-0.023986816
-0.023223877
-0.022399902
-0.02154541
-0.020751953
-0.019897461
-0.01977539
-0.01977539
-0.019012451
-0.019073486
-0.018981934
-0.019134521
-0.018707275
-0.018188477
-0.018371582
-0.018249512
-0.018341064
-0.018859863
-0.019897461
-0.020507812
-0.021606445
-0.021820068
-0.021453857
-0.022216797
-0.021972656
-0.022125244
-0.022003174
-0.022155762
-0.021392822
-0.020629883
-0.020507812
-0.019714355
-0.018920898
-0.019165039
-0.018676758
-0.018310547
-0.0178833
-0.01687622
-0.016143799
-0.0152282715
-0.015136719
-0.014465332
-0.0134887695
-0.0119018555
-0.010131836
-0.00881958
-0.008026123
-0.007293701
-0.00592041
-0.0040893555
-0.0025939941
-2.1362305E-4
0.0015563965
0.0038757324
0.005554199
0.0074157715
0.009857178
0.011108398
0.0134887695
0.0152282715
0.018066406
0.020385742
0.022399902
0.025115967
0.02734375
0.030029297
0.032318115
0.033996582
0.03555298
0.03753662
0.040130615
0.042144775
0.04373169
0.045410156
0.047027588
0.048706055
0.04940796
0.04937744
0.04940796
0.049224854
0.048217773
0.047607422
0.046142578
0.045043945
0.04373169
0.041931152
0.040283203
0.03857422
0.037017822
0.03515625
0.03265381
0.030212402
0.027313232
0.023864746
0.021240234
0.018066406
0.015960693
0.013183594
0.011077881
0.009063721
0.0069885254
0.00491333
0.004272461
0.0030822754
0.0013122559
-1.8310547E-4
-0.0024719238
-0.0049743652
-0.006866455
-0.009155273
-0.010925293
-0.013366699
-0.015838623
-0.018341064
-0.020690918
-0.02166748
-0.022979736
-0.024749756
-0.026275635
-0.028015137
-0.029541016
-0.030578613
-0.031188965
-0.031280518
-0.030914307
-0.030395508
-0.03012085
-0.029022217
-0.028381348
-0.027435303
-0.026123047
-0.024932861
-0.02368164
-0.022460938
-0.021209717
-0.020019531
-0.018707275
-0.017852783
-0.017028809
-0.016082764
-0.015960693
-0.015289307
-0.01449585
-0.014312744
-0.01373291
-0.013549805
-0.014007568
-0.014190674
-0.013549805
-0.013702393
-0.013671875
-0.01361084
-0.014282227
-0.015106201
-0.015258789
-0.01586914
-0.016021729
-0.015777588
-0.016296387
-0.01663208
-0.017150879
-0.017059326
-0.016540527
-0.016784668
-0.015991211
-0.015167236
-0.015136719
-0.014221191
-0.013702393
-0.013397217
-0.0128479
-0.01260376
-0.011993408
-0.012329102
-0.011505127
-0.011413574
-0.01071167
-0.009094238
-0.008300781
-0.007446289
-0.0065612793
-0.0044555664
-0.003540039
-0.0017089844
-9.1552734E-5
9.460449E-4
0.00289917
0.004333496
0.0062561035
0.0077209473
0.009552002
0.011047363
0.014221191
0.01663208
0.018707275
0.020843506
0.022857666
0.024963379
0.026306152
0.028900146
0.031280518
0.033050537
0.03451538
0.03652954
0.038726807
0.040252686
0.042022705
0.043670654
0.045318604
0.046966553
0.04788208
0.04788208
0.047973633
0.048797607
0.04840088
0.04763794
0.046447754
0.04473877
0.043121338
0.041412354
0.03970337
0.038116455
0.036376953
0.03491211
0.032958984
0.030639648
0.02758789
0.024871826
0.02154541
0.018005371
0.015899658
0.013153076
0.011627197
0.009094238
0.007598877
0.005645752
0.0033569336
0.0015258789
-8.239746E-4
-0.002166748
-0.0044555664
-0.006439209
-0.008636475
-0.0105896
-0.012023926
-0.014678955
-0.016815186
-0.018951416
-0.020843506
-0.021850586
-0.02355957
-0.025604248
-0.027740479
-0.029144287
-0.031066895
-0.03189087
-0.03277588
-0.033447266
-0.033447266
-0.032165527
-0.03112793
-0.03100586
-0.029876709
-0.02911377
-0.028289795
-0.026885986
-0.025787354
-0.02444458
-0.023345947
-0.021972656
-0.020904541
-0.01940918
-0.018829346
-0.017486572
-0.016021729
-0.015991211
-0.015319824
-0.015106201
-0.015197754
-0.014373779
-0.01449585
-0.014251709
-0.013580322
-0.01373291
-0.013580322
-0.014099121
-0.014923096
-0.015808105
-0.015930176
-0.016601562
-0.015991211
-0.016784668
-0.016479492
-0.016052246
-0.016845703
-0.016601562
-0.016723633
-0.016723633
-0.016174316
-0.015838623
-0.015350342
-0.014312744
-0.013763428
-0.013519287
-0.01272583
-0.012023926
-0.012359619
-0.011657715
-0.011444092
-0.010864258
-0.0105896
-0.010070801
-0.008392334
-0.007537842
-0.0058288574
-0.004211426
-0.0036010742
-0.0023498535
-0.0010375977
-0.0
0.001953125
0.0032653809
0.0058898926
0.007537842
0.009307861
0.0107421875
0.012786865
0.014831543
0.016906738
0.019073486
0.021026611
0.023223877
0.024597168
0.027008057
0.028778076
0.031158447
0.03302002
0.03527832
0.037109375
0.039398193
0.040893555
0.04309082
0.04525757
0.046173096
0.047027588
0.047790527
0.048675537
0.047821045
0.048034668
0.04751587
0.046081543
0.04510498
0.043273926
0.04168701
0.039886475
0.038360596
0.036621094
0.035064697
0.03253174
0.030151367
0.027496338
0.025238037
0.02230835
0.01940918
0.016601562
0.012969971
0.010528564
0.0073242188
0.0053100586
0.003753662
0.0020446777
4.8828125E-4
-0.0012512207
-0.002746582
-0.0047912598
-0.0074768066
-0.009399414
-0.011444092
-0.014160156
-0.015716553
-0.018341064
-0.019836426
-0.021759033
-0.023925781
-0.025878906
-0.028015137
-0.029968262
-0.03237915
-0.03314209
-0.034729004
-0.03567505
-0.03643799
-0.036499023
-0.036499023
-0.036376953
-0.035461426
-0.034698486
-0.033843994
-0.032989502
-0.03225708
-0.030822754
-0.029663086
-0.028259277
-0.02722168
-0.025756836
-0.024932861
-0.023956299
-0.022155762
-0.020843506
-0.020233154
-0.019165039
-0.019134521
-0.018371582
-0.018341064
-0.018188477
-0.017547607
-0.017211914
-0.0178833
-0.0178833
-0.017852783
-0.0178833
-0.017791748
-0.018463135
-0.01876831
-0.019165039
-0.018981934
-0.019805908
-0.018951416
-0.019104004
-0.019012451
-0.019042969
-0.019073486
-0.018707275
-0.01763916
-0.01687622
-0.016021729
-0.0152282715
-0.015106201
-0.014404297
-0.014343262
-0.013336182
-0.012878418
-0.012664795
-0.011627197
-0.011413574
-0.010894775
-0.010009766
-0.008575439
-0.007507324
-0.006072998
-0.0039978027
-0.0019836426
-0.0010681152
7.6293945E-4
0.0022583008
0.0040893555
0.0050354004
0.0065307617
0.008270264
0.009887695
0.012298584
0.013977051
0.016448975
0.017791748
0.020111084
0.022033691
0.02420044
0.026153564
0.028289795
0.030334473
0.03186035
0.034301758
0.035980225
0.03845215
0.039855957
0.041931152
0.044311523
0.04525757
0.04663086
0.047790527
0.04852295
0.048736572
0.04928589
0.048614502
0.047698975
0.046844482
0.044921875
0.043823242
0.04260254
0.040802002
0.039123535
0.03756714
0.035217285
0.032714844
0.03024292
0.027648926
0.02420044
0.02130127
0.018493652
0.015319824
0.013183594
0.010437012
0.0087890625
0.0063476562
0.0046081543
0.0028381348
6.1035156E-4
-0.0013427734
-0.003479004
-0.0054626465
-0.007751465
-0.009521484
-0.012329102
-0.014007568
-0.016357422
-0.018859863
-0.0206604
-0.022979736
-0.024627686
-0.026275635
-0.027923584
-0.029541016
-0.031402588
-0.032440186
-0.03378296
-0.034973145
-0.035583496
-0.035827637
-0.03564453
-0.035827637
-0.035491943
-0.034820557
-0.03353882
-0.03225708
-0.03149414
-0.030731201
-0.029174805
-0.028137207
-0.026672363
-0.024963379
-0.024261475
-0.023345947
-0.022644043
-0.021636963
-0.02130127
-0.020965576
-0.019989014
-0.019256592
-0.0184021
-0.017486572
-0.017364502
-0.016723633
-0.017578125
-0.017242432
-0.017852783
-0.018249512
-0.018798828
-0.018615723
-0.018707275
-0.019195557
-0.018951416
-0.019104004
-0.018951416
-0.018218994
-0.018432617
-0.017944336
-0.01739502
-0.017059326
-0.016601562
-0.016296387
-0.015197754
-0.015197754
-0.013763428
-0.012817383
-0.0121154785
-0.011108398
-0.010681152
-0.010345459
-0.00982666
-0.009643555
-0.008026123
-0.007019043
-0.0062561035
-0.005279541
-0.0037231445
-0.0020446777
-4.5776367E-4
0.0012512207
0.0028381348
0.0045166016
0.006164551
0.00793457
0.009460449
0.011810303
0.014251709
0.016021729
0.01928711
0.02166748
0.023162842
0.025115967
0.027404785
0.028778076
0.031066895
0.03363037
0.036071777
0.038513184
0.040283203
0.04272461
0.044403076
0.04598999
0.047698975
0.04925537
0.050994873
0.05215454
0.05291748
0.053863525
0.05407715
0.053955078
0.053222656
0.05215454
0.050750732
0.04977417
0.04800415
0.046447754
0.044708252
0.043182373
0.040863037
0.03829956
0.035888672
0.033416748
0.030914307
0.02746582
0.024261475
0.020874023
0.0178833
0.0154418945
0.013000488
0.010498047
0.008636475
0.006439209
0.004425049
0.002960205
2.1362305E-4
-0.001739502
-0.0040893555
-0.007171631
-0.009613037
-0.01159668
-0.013702393
-0.015686035
-0.0178833
-0.020568848
-0.022888184
-0.025390625
-0.026794434
-0.028869629
-0.031158447
-0.03265381
-0.034423828
-0.03555298
-0.036254883
-0.037200928
-0.037261963
-0.037261963
-0.037200928
-0.036315918
-0.03552246
-0.034698486
-0.03390503
-0.03302002
-0.032318115
-0.030853271
-0.029693604
-0.028320312
-0.026519775
-0.025848389
-0.024871826
-0.024230957
-0.023162842
-0.022888184
-0.022399902
-0.022003174
-0.021636963
-0.020599365
-0.020599365
-0.019836426
-0.019805908
-0.019805908
-0.019927979
-0.02078247
-0.020141602
-0.020050049
-0.020812988
-0.019927979
-0.020324707
-0.0206604
-0.020477295
-0.0206604
-0.020477295
-0.020690918
-0.020263672
-0.019805908
-0.019500732
-0.01864624
-0.017669678
-0.017425537
-0.016296387
-0.015106201
-0.01449585
-0.0126953125
-0.012176514
-0.011016846
-0.010772705
-0.010009766
-0.008666992
-0.007904053
-0.007171631
-0.005584717
-0.0045776367
-0.0030517578
-0.0014648438
-4.5776367E-4
0.001953125
0.003479004
0.0051574707
0.0072631836
0.009460449
0.01083374
0.013153076
0.015625
0.01739502
0.019866943
0.022338867
0.023925781
0.02670288
0.02859497
0.030761719
0.033172607
0.0362854
0.03845215
0.040527344
0.04324341
0.044921875
0.047302246
0.048980713
0.05050659
0.05230713
0.053527832
0.054840088
0.05609131
0.056854248
0.05709839
0.057037354
0.05630493
0.054748535
0.0546875
0.052642822
0.05130005
0.049102783
0.04714966
0.04498291
0.043060303
0.040802002
0.038879395
0.036621094
0.032562256
0.030151367
0.027496338
0.024017334
0.0211792
0.018310547
0.015289307
0.012939453
0.010955811
0.00881958
0.0068969727
0.0045776367
0.001953125
-3.9672852E-4
-0.002960205
-0.005340576
-0.0079956055
-0.010345459
-0.012908936
-0.0152282715
-0.017913818
-0.02029419
-0.022155762
-0.02432251
-0.026306152
-0.028442383
-0.030426025
-0.03253174
-0.03289795
-0.034454346
-0.03555298
-0.0362854
-0.037200928
-0.03656006
-0.03643799
-0.036499023
-0.03543091
-0.035064697
-0.034698486
-0.033966064
-0.03250122
-0.031921387
-0.031036377
-0.028900146
-0.02822876
-0.02722168
-0.02658081
-0.02557373
-0.025146484
-0.024780273
-0.024261475
-0.02432251
-0.024383545
-0.023773193
-0.02355957
-0.022949219
-0.022766113
-0.022857666
-0.022827148
-0.02279663
-0.022888184
-0.022705078
-0.02331543
-0.023162842
-0.023162842
-0.023803711
-0.023406982
-0.023742676
-0.023406982
-0.022918701
-0.022583008
-0.022064209
-0.021820068
-0.020874023
-0.02017212
-0.019195557
-0.019042969
-0.018463135
-0.017425537
-0.016693115
-0.015808105
-0.015014648
-0.014190674
-0.013397217
-0.012298584
-0.010437012
-0.009460449
-0.008056641
-0.006378174
-0.004638672
-0.0030212402
-0.0013122559
1.8310547E-4
0.0021362305
0.0043029785
0.0062561035
0.008636475
0.0099487305
0.012298584
0.014160156
0.016357422
0.019073486
0.021392822
0.024017334
0.026275635
0.029052734
0.03100586
0.033172607
0.035125732
0.037200928
0.039733887
0.04232788
0.044708252
0.046569824
0.04876709
0.050720215
0.052703857
0.053741455
0.05529785
0.055847168
0.056915283
0.05706787
0.05706787
0.056396484
0.05545044
0.053894043
0.05206299
0.05053711
0.04876709
0.047332764
0.045074463
0.043182373
0.04095459
0.038391113
0.035339355
0.032684326
0.029418945
0.026947021
0.023406982
0.020629883
0.01763916
0.015014648
0.013214111
0.010528564
0.008178711
0.0055236816
0.0037841797
0.0014648438
-3.0517578E-4
-0.002746582
-0.005279541
-0.0077209473
-0.0105896
-0.01361084
-0.015838623
-0.018554688
-0.02029419
-0.02267456
-0.024353027
-0.026855469
-0.02911377
-0.031097412
-0.033355713
-0.034942627
-0.036224365
-0.036987305
-0.037353516
-0.037200928
-0.03729248
-0.037200928
-0.036468506
-0.03652954
-0.036315918
-0.035614014
-0.03564453
-0.034088135
-0.03302002
-0.031677246
-0.030517578
-0.029876709
-0.028808594
-0.028137207
-0.02798462
-0.027252197
-0.027435303
-0.027008057
-0.026519775
-0.026306152
-0.025177002
-0.025115967
-0.025054932
-0.025146484
-0.025024414
-0.025177002
-0.024963379
-0.025360107
-0.025817871
-0.026153564
-0.02670288
-0.026519775
-0.026611328
-0.026550293
-0.02658081
-0.02658081
-0.026550293
-0.026641846
-0.026397705
-0.025634766
-0.02444458
-0.023071289
-0.022399902
-0.021484375
-0.020690918
-0.02053833
-0.019866943
-0.01889038
-0.017242432
-0.016571045
-0.015594482
-0.014984131
-0.01361084
-0.012451172
-0.011199951
-0.009460449
-0.007843018
-0.006225586
-0.0043640137
-0.0021362305
-2.4414062E-4
0.001953125
0.0038452148
0.006378174
0.009002686
0.010894775
0.013000488
0.015594482
0.017333984
0.019714355
0.021575928
0.023925781
0.026672363
0.029693604
0.03250122
0.03564453
0.037384033
0.039520264
0.042175293
0.044647217
0.04638672
0.04876709
0.050354004
0.05218506
0.054718018
0.05581665
0.056762695
0.05709839
0.057006836
0.05709839
0.056427002
0.055541992
0.054779053
0.053009033
0.0513916
0.049468994
0.047180176
0.04574585
0.043640137
0.041015625
0.0385437
0.036071777
0.03366089
0.030395508
0.027008057
0.023803711
0.02154541
0.01864624
0.015563965
0.013214111
0.011108398
0.009643555
0.007904053
0.0056152344
0.002960205
7.019043E-4
-0.0020751953
-0.0049743652
-0.00680542
-0.009429932
-0.011749268
-0.014373779
-0.016174316
-0.018493652
-0.02041626
-0.02267456
-0.025177002
-0.026794434
-0.02935791
-0.030639648
-0.0317688
-0.033203125
-0.033813477
-0.03488159
-0.034973145
-0.03503418
-0.03491211
-0.035095215
-0.03479004
-0.034332275
-0.033843994
-0.032348633
-0.03161621
-0.030853271
-0.029449463
-0.028137207
-0.028137207
-0.027435303
-0.027252197
-0.025848389
-0.025817871
-0.025878906
-0.025817871
-0.025848389
-0.025817871
-0.025848389
-0.025878906
-0.025299072
-0.024963379
-0.02520752
-0.025726318
-0.026031494
-0.026550293
-0.026641846
-0.026428223
-0.027038574
-0.027313232
-0.027893066
-0.027618408
-0.02722168
-0.026763916
-0.027160645
-0.026611328
-0.02557373
-0.025115967
-0.024841309
-0.023925781
-0.02319336
-0.02230835
-0.021514893
-0.0206604
-0.019897461
-0.019683838
-0.018310547
-0.017089844
-0.01574707
-0.0146484375
-0.013244629
-0.012268066
-0.010314941
-0.009490967
-0.0074157715
-0.0053710938
-0.0038146973
-0.0013122559
0.0010070801
0.0026855469
0.0054016113
0.007507324
0.009429932
0.012023926
0.014434814
0.016906738
0.019470215
0.021942139
0.023712158
0.026062012
0.028747559
0.03201294
0.03427124
0.03692627
0.03881836
0.04095459
0.0435791
0.04598999
0.047821045
0.050079346
0.051849365
0.053527832
0.055236816
0.056671143
0.057281494
0.058380127
0.05807495
0.057769775
0.05670166
0.05545044
0.054901123
0.05307007
0.051483154
0.049743652
0.048217773
0.046447754
0.044952393
0.042816162
0.040222168
0.03778076
0.03466797
0.03201294
0.028778076
0.02545166
0.02319336
0.020446777
0.018493652
0.01626587
0.014312744
0.012207031
0.010192871
0.008728027
0.0063171387
0.003692627
0.0013122559
-0.0012817383
-0.0033874512
-0.0053710938
-0.007659912
-0.009460449
-0.012145996
-0.014526367
-0.016479492
-0.018676758
-0.020690918
-0.02279663
-0.02468872
-0.025939941
-0.02709961
-0.0284729
-0.02923584
-0.03024292
-0.03048706
-0.030456543
-0.029846191
-0.029632568
-0.029785156
-0.029571533
-0.028686523
-0.027832031
-0.027038574
-0.026184082
-0.025421143
-0.024536133
-0.023803711
-0.022888184
-0.022827148
-0.022766113
-0.022033691
-0.022064209
-0.022064209
-0.022064209
-0.022064209
-0.022033691
-0.022064209
-0.022033691
-0.022094727
-0.022033691
-0.022827148
-0.023590088
-0.02368164
-0.02444458
-0.024169922
-0.02468872
-0.02508545
-0.025482178
-0.026000977
-0.025756836
-0.025939941
-0.025756836
-0.025177002
-0.024902344
-0.02432251
-0.024169922
-0.02319336
-0.02279663
-0.022521973
-0.021392822
-0.021331787
-0.020690918
-0.019866943
-0.018951416
-0.017303467
-0.016540527
-0.015716553
-0.014862061
-0.014129639
-0.012908936
-0.011138916
-0.009552002
-0.007904053
-0.0055236816
-0.003692627
-0.0021972656
-3.3569336E-4
0.001953125
0.0036315918
0.0066833496
0.00970459
0.011657715
0.013153076
0.0154418945
0.018005371
0.020568848
0.022857666
0.02557373
0.027526855
0.029876709
0.032714844
0.03451538
0.036743164
0.038635254
0.041412354
0.043762207
0.045654297
0.047851562
0.048858643
0.05038452
0.05102539
0.05230713
0.053497314
0.053100586
0.053497314
0.05206299
0.050994873
0.049591064
0.048553467
0.04623413
0.04458618
0.04296875
0.04135132
0.039245605
0.037078857
0.035308838
0.031982422
0.029327393
0.026153564
0.023620605
0.021148682
0.018707275
0.016082764
0.013885498
0.012268066
0.010681152
0.008972168
0.007446289
0.0050354004
0.0031738281
9.1552734E-4
-0.0016174316
-0.0040283203
-0.0066223145
-0.009094238
-0.0113220215
-0.0128479
-0.014556885
-0.016113281
-0.017913818
-0.01953125
-0.021881104
-0.023651123
-0.026031494
-0.027526855
-0.028289795
-0.02911377
-0.030151367
-0.030456543
-0.03048706
-0.029937744
-0.029663086
-0.029022217
-0.028045654
-0.027282715
-0.02557373
-0.025115967
-0.024902344
-0.023956299
-0.023254395
-0.022247314
-0.022064209
-0.021514893
-0.020629883
-0.02053833
-0.020629883
-0.02041626
-0.019805908
-0.019622803
-0.018707275
-0.018127441
-0.018798828
-0.019012451
-0.019622803
-0.019836426
-0.020477295
-0.020629883
-0.022247314
-0.02267456
-0.02218628
-0.022949219
-0.022766113
-0.02279663
-0.023254395
-0.023712158
-0.023498535
-0.02368164
-0.023498535
-0.023620605
-0.02255249
-0.022125244
-0.021759033
-0.021270752
-0.020996094
-0.020080566
-0.019226074
-0.019012451
-0.018463135
-0.01739502
-0.015899658
-0.015045166
-0.014251709
-0.013458252
-0.012329102
-0.010894775
-0.010345459
-0.008911133
-0.007232666
-0.005554199
-0.0031738281
-0.0014343262
2.4414062E-4
0.0026855469
0.0040893555
0.006134033
0.008728027
0.011169434
0.013641357
0.016082764
0.01864624
0.020477295
0.022705078
0.024597168
0.027801514
0.030181885
0.031829834
0.03463745
0.036468506
0.03866577
0.040618896
0.042236328
0.0446167
0.04638672
0.04788208
0.048919678
0.05038452
0.05102539
0.050811768
0.051116943
0.050048828
0.048828125
0.047607422
0.04574585
0.044952393
0.043273926
0.041748047
0.039733887
0.037506104
0.035705566
0.033111572
0.030731201
0.028198242
0.025146484
0.02230835
0.020080566
0.01727295
0.014343262
0.012451172
0.010192871
0.008605957
0.006958008
0.0052490234
0.0036010742
0.0014953613
-0.0011291504
-0.0028381348
-0.005218506
-0.007019043
-0.0095825195
-0.011749268
-0.013641357
-0.015899658
-0.017456055
-0.01928711
-0.020721436
-0.023071289
-0.024963379
-0.026428223
-0.028259277
-0.029754639
-0.030731201
-0.031158447
-0.03152466
-0.03201294
-0.03201294
-0.031463623
-0.031158447
-0.030670166
-0.029724121
-0.028869629
-0.02798462
-0.02722168
-0.0262146
-0.024597168
-0.02444458
-0.023590088
-0.02218628
-0.021606445
-0.020599365
-0.020568848
-0.02053833
-0.02053833
-0.019683838
-0.019958496
-0.019439697
-0.019256592
-0.020019531
-0.019317627
-0.018920898
-0.019683838
-0.019805908
-0.020507812
-0.020599365
-0.021453857
-0.022064209
-0.022247314
-0.022949219
-0.022735596
-0.022949219
-0.02230835
-0.021972656
-0.022094727
-0.022003174
-0.021362305
-0.0211792
-0.020568848
-0.020446777
-0.019439697
-0.01876831
-0.017730713
-0.01739502
-0.016967773
-0.016021729
-0.015258789
-0.013702393
-0.012786865
-0.011199951
-0.010528564
-0.009429932
-0.007873535
-0.0074157715
-0.0058288574
-0.0047302246
-0.0034179688
-0.0010681152
7.9345703E-4
0.0022583008
0.0050354004
0.007080078
0.009399414
0.0121154785
0.013946533
0.016174316
0.017730713
0.019470215
0.021636963
0.024230957
0.026611328
0.029052734
0.030853271
0.033325195
0.03463745
0.036865234
0.03881836
0.040985107
0.04309082
0.04458618
0.045654297
0.047058105
0.04800415
0.04876709
0.04949951
0.049316406
0.049468994
0.049072266
0.047821045
0.045959473
0.045074463
0.0435791
0.041900635
0.040130615
0.0385437
0.03677368
0.034240723
0.031585693
0.028259277
0.02658081
0.023803711
0.021026611
0.017974854
0.014526367
0.012145996
0.010437012
0.00894165
0.008117676
0.00592041
0.003753662
0.0018920898
-8.239746E-4
-0.0026550293
-0.0042419434
-0.006011963
-0.008361816
-0.010955811
-0.013122559
-0.015045166
-0.01727295
-0.019256592
-0.021514893
-0.022918701
-0.024749756
-0.0256958
-0.026489258
-0.02798462
-0.028961182
-0.029693604
-0.029815674
-0.030761719
-0.031311035
-0.03112793
-0.031311035
-0.030700684
-0.029937744
-0.02835083
-0.027313232
-0.026550293
-0.024902344
-0.024230957
-0.023284912
-0.022613525
-0.021575928
-0.021331787
-0.020874023
-0.019989014
-0.019134521
-0.019042969
-0.018310547
-0.018371582
-0.018096924
-0.017425537
-0.017211914
-0.016571045
-0.01675415
-0.016662598
-0.016662598
-0.017211914
-0.018249512
-0.018341064
-0.019042969
-0.019042969
-0.019042969
-0.019042969
-0.019042969
-0.019012451
-0.019104004
-0.01852417
-0.018249512
-0.01763916
-0.01727295
-0.016815186
-0.016540527
-0.015808105
-0.014862061
-0.014221191
-0.013153076
-0.012939453
-0.012451172
-0.01159668
-0.01071167
-0.010681152
-0.00982666
-0.008331299
-0.0073242188
-0.0057678223
-0.0036010742
-0.0017700195
-8.239746E-4
0.0010681152
0.002532959
0.004272461
0.006591797
0.008514404
0.010681152
0.012542725
0.0138549805
0.014892578
0.01663208
0.018157959
0.020446777
0.022399902
0.024505615
0.027130127
0.029571533
0.031402588
0.033691406
0.035308838
0.03717041
0.039489746
0.04095459
0.04284668
0.044311523
0.046081543
0.047607422
0.048736572
0.05001831
0.050354004
0.05078125
0.050109863
0.050048828
0.04864502
0.047424316
0.046295166
0.044403076
0.04296875
0.041046143
0.039611816
0.037628174
0.034698486
0.032928467
0.03036499
0.027770996
0.025482178
0.022399902
0.019683838
0.01663208
0.013824463
0.011566162
0.00970459
0.0074157715
0.0057373047
0.0039978027
0.0024414062
3.9672852E-4
-0.0018005371
-0.003112793
-0.005645752
-0.0074157715
-0.009063721
-0.011444092
-0.013946533
-0.015350342
-0.017456055
-0.019622803
-0.021606445
-0.023773193
-0.025238037
-0.026977539
-0.028564453
-0.029693604
-0.030426025
-0.031280518
-0.032043457
-0.03189087
-0.032104492
-0.031555176
-0.031219482
-0.030731201
-0.030395508
-0.029937744
-0.028900146
-0.027404785
-0.026550293
-0.025604248
-0.02407837
-0.023284912
-0.022766113
-0.02255249
-0.021514893
-0.020843506
-0.019897461
-0.019805908
-0.019134521
-0.018218994
-0.017425537
-0.01739502
-0.017456055
-0.017364502
-0.017486572
-0.01727295
-0.018035889
