buf 14 of 46 length=1792
-0.018371582
-0.018310547
-0.01828003
-0.019073486
-0.018951416
-0.019256592
-0.01965332
-0.018951416
-0.019042969
-0.019104004
-0.018585205
-0.018249512
-0.017700195
-0.016662598
-0.016723633
-0.015838623
-0.015075684
-0.014221191
-0.013427734
-0.012573242
-0.011810303
-0.010894775
-0.010192871
-0.008728027
-0.0076293945
-0.0069885254
-0.0051879883
-0.004486084
-0.0033569336
-0.0020141602
-9.765625E-4
7.6293945E-4
0.002380371
0.003967285
0.0062561035
0.008270264
0.00970459
0.0115356445
0.012969971
0.014953613
0.017120361
0.019165039
0.021362305
0.02279663
0.024963379
0.027557373
0.029449463
0.031066895
0.032684326
0.034423828
0.03677368
0.038360596
0.040039062
0.04168701
0.04345703
0.04498291
0.046783447
0.047698975
0.049224854
0.05014038
0.0501709
0.050079346
0.05029297
0.049713135
0.04827881
0.04724121
0.04547119
0.04345703
0.041229248
0.039855957
0.03729248
0.03503418
0.032318115
0.030212402
0.02798462
0.024902344
0.02230835
0.018676758
0.015960693
0.013000488
0.010192871
0.00793457
0.0059814453
0.0037231445
0.0017700195
-3.9672852E-4
-0.002105713
-0.0035705566
-0.00579834
-0.007873535
-0.009857178
-0.012573242
-0.014221191
-0.01663208
-0.0184021
-0.020996094
-0.023132324
-0.025024414
-0.027282715
-0.028869629
-0.03060913
-0.03225708
-0.033355713
-0.034088135
-0.034973145
-0.0357666
-0.036499023
-0.036499023
-0.036468506
-0.03656006
-0.036132812
-0.03564453
-0.03543091
-0.033813477
-0.03277588
-0.032714844
-0.03125
-0.030334473
-0.028503418
-0.027130127
-0.026245117
-0.025848389
-0.025512695
-0.024597168
-0.023742676
-0.023590088
-0.022949219
-0.022064209
-0.021209717
-0.020568848
-0.020507812
-0.020690918
-0.02017212
-0.020080566
-0.020721436
-0.020477295
-0.020599365
-0.02053833
-0.020568848
-0.020599365
-0.020507812
-0.0206604
-0.02029419
-0.019805908
-0.019470215
-0.018951416
-0.018707275
-0.017578125
-0.016845703
-0.015960693
-0.015167236
-0.014312744
-0.01361084
-0.01361084
-0.012298584
-0.011077881
-0.009887695
-0.008514404
-0.007965088
-0.006378174
-0.005340576
-0.0038146973
-0.002960205
-0.0020751953
-3.0517578E-4
0.0011901855
0.0032348633
0.005432129
0.007019043
0.008666992
0.010894775
0.012817383
0.014282227
0.016082764
0.01751709
0.019622803
0.021728516
0.023712158
0.025909424
0.027404785
0.029174805
0.031341553
0.033966064
0.035614014
0.038024902
0.04043579
0.042175293
0.043792725
0.045440674
0.047058105
0.048797607
0.04989624
0.05117798
0.0524292
0.052368164
0.052490234
0.05230713
0.051635742
0.05154419
0.050445557
0.048675537
0.047180176
0.04498291
0.04296875
0.04144287
0.039001465
0.036590576
0.034057617
0.031707764
0.0289917
0.025726318
0.023468018
0.020629883
0.017150879
0.014312744
0.012023926
0.009399414
0.007751465
0.0051879883
0.0036621094
0.001739502
-3.9672852E-4
-0.0023498535
-0.004486084
-0.0065307617
-0.00869751
-0.010681152
-0.012786865
-0.014770508
-0.017608643
-0.01977539
-0.021820068
-0.023925781
-0.025878906
-0.028045654
-0.029663086
-0.031402588
-0.033081055
-0.034088135
-0.035491943
-0.03652954
-0.03643799
-0.03652954
-0.03643799
-0.03656006
-0.036224365
-0.035339355
-0.0345459
-0.033721924
-0.03286743
-0.032104492
-0.030548096
-0.029724121
-0.02960205
-0.027770996
-0.027404785
-0.02709961
-0.0262146
-0.025421143
-0.02456665
-0.023773193
-0.022949219
-0.022766113
-0.022125244
-0.022003174
-0.022155762
-0.021850586
-0.021209717
-0.021331787
-0.021270752
-0.02130127
-0.02130127
-0.02130127
-0.02130127
-0.02130127
-0.022094727
-0.021972656
-0.0211792
-0.021392822
-0.021026611
-0.02017212
-0.019317627
-0.018554688
-0.017608643
-0.016815186
-0.015930176
-0.014465332
-0.0134887695
-0.012969971
-0.012542725
-0.010955811
-0.010406494
-0.009094238
-0.0073242188
-0.006286621
-0.005432129
-0.004547119
-0.0030517578
-0.002105713
-4.5776367E-4
0.0011901855
0.0028381348
0.0043640137
0.006500244
0.009094238
0.01159668
0.013427734
0.015655518
0.016784668
0.018341064
0.02017212
0.022644043
0.024902344
0.026641846
0.02947998
0.031311035
0.03353882
0.035491943
0.036987305
0.03942871
0.041046143
0.042938232
0.045196533
0.04586792
0.048187256
0.049835205
0.050933838
0.05230713
0.052947998
0.05404663
0.053955078
0.054138184
0.05380249
0.05227661
0.05130005
0.049560547
0.047973633
0.046295166
0.04473877
0.042510986
0.04043579
0.038970947
0.03643799
0.033325195
0.030700684
0.027313232
0.023986816
0.020996094
0.018615723
0.015991211
0.013641357
0.011077881
0.00869751
0.0068359375
0.004547119
0.0026245117
4.5776367E-4
-0.0015869141
-0.0049438477
-0.00680542
-0.008972168
-0.010955811
-0.013061523
-0.015045166
-0.017150879
-0.019226074
-0.021392822
-0.02331543
-0.02557373
-0.027069092
-0.029144287
-0.03149414
-0.032440186
-0.03326416
-0.034088135
-0.03491211
-0.035736084
-0.036499023
-0.036499023
-0.036499023
-0.036346436
-0.035217285
-0.035125732
-0.034118652
-0.032806396
-0.032165527
-0.031280518
-0.03048706
-0.029663086
-0.028686523
-0.02798462
-0.026947021
-0.026641846
-0.026184082
-0.025817871
-0.025421143
-0.02444458
-0.023712158
-0.022888184
-0.022766113
-0.022949219
-0.02255249
-0.022277832
-0.022644043
-0.022155762
-0.02319336
-0.022094727
-0.022644043
-0.022857666
-0.02218628
-0.02267456
-0.022155762
-0.021850586
-0.021331787
-0.021026611
-0.02053833
-0.020263672
-0.019256592
-0.018554688
-0.017608643
-0.016113281
-0.015136719
-0.014404297
-0.013519287
-0.01272583
-0.0119018555
-0.011077881
-0.010253906
-0.009490967
-0.008178711
-0.006378174
-0.005432129
-0.0038146973
-0.0022277832
-4.5776367E-4
0.0018920898
0.0034484863
0.0051574707
0.006866455
0.008483887
0.0101623535
0.011749268
0.013458252
0.015686035
0.017578125
0.019927979
0.022644043
0.024658203
0.026733398
0.028808594
0.030975342
0.032958984
0.035003662
0.037628174
0.039367676
0.041778564
0.043548584
0.045043945
0.046875
0.04812622
0.04925537
0.050933838
0.052642822
0.053955078
0.053985596
0.0546875
0.0541687
0.053863525
0.052246094
0.05053711
0.048980713
0.04724121
0.045684814
0.043945312
0.04248047
0.040039062
0.038208008
0.03591919
0.033416748
0.030914307
0.02746582
0.024230957
0.021057129
0.018859863
0.015686035
0.013000488
0.010437012
0.008728027
0.0063171387
0.0045776367
0.0027770996
5.79834E-4
-0.0014038086
-0.0035095215
-0.005554199
-0.0077209473
-0.009643555
-0.012298584
-0.0146484375
-0.017150879
-0.019042969
-0.022064209
-0.023956299
-0.026184082
-0.028045654
-0.030517578
-0.03152466
-0.032806396
-0.034179688
-0.03414917
-0.03488159
-0.035003662
-0.035705566
-0.035705566
-0.035858154
-0.036468506
-0.035247803
-0.035095215
-0.03451538
-0.03427124
-0.033203125
-0.031982422
-0.030700684
-0.02960205
-0.028869629
-0.027954102
-0.028259277
-0.027770996
-0.02734375
-0.027038574
-0.026000977
-0.025848389
-0.025299072
-0.024963379
-0.025177002
-0.024963379
-0.025299072
-0.0256958
-0.025024414
-0.02508545
-0.025115967
-0.024963379
-0.0256958
-0.025299072
-0.025634766
-0.025299072
-0.0256958
-0.025909424
-0.024749756
-0.024383545
-0.024047852
-0.023223877
-0.022369385
-0.021636963
-0.020202637
-0.019042969
-0.019073486
-0.01739502
-0.016723633
-0.016479492
-0.014831543
-0.014251709
-0.013244629
-0.01260376
-0.011230469
-0.0095825195
-0.007904053
-0.0063171387
-0.0045166016
-0.002166748
-5.187988E-4
0.0011291504
0.0027770996
0.0043640137
0.006164551
0.0077209473
0.0099487305
0.0119018555
0.013427734
0.015106201
0.017486572
0.020111084
0.02255249
0.024993896
0.027526855
0.029663086
0.03161621
0.034332275
0.036132812
0.037750244
0.039367676
0.041900635
0.04348755
0.045318604
0.047576904
0.04940796
0.051818848
0.052825928
0.053863525
0.05404663
0.05404663
0.054016113
0.053344727
0.052246094
0.050811768
0.049835205
0.048095703
0.04650879
0.044799805
0.043304443
0.040985107
0.039001465
0.036895752
0.034210205
0.031188965
0.02835083
0.02532959
0.022888184
0.020202637
0.016906738
0.015136719
0.012969971
0.010437012
0.008575439
0.006378174
0.004333496
0.0021972656
2.746582E-4
-0.0019226074
-0.0037841797
-0.006378174
-0.008911133
-0.010986328
-0.012390137
-0.014770508
-0.016540527
-0.019012451
-0.0206604
-0.022369385
-0.023864746
-0.025939941
-0.027770996
-0.028778076
-0.030792236
-0.0317688
-0.03253174
-0.033416748
-0.033447266
-0.0335083
-0.033325195
-0.032714844
-0.03253174
-0.03164673
-0.030792236
-0.030090332
-0.029022217
-0.028839111
-0.02822876
-0.027404785
-0.027252197
-0.026641846
-0.026397705
-0.025848389
-0.02557373
-0.024993896
-0.024841309
-0.02368164
-0.023620605
-0.023529053
-0.023651123
-0.023498535
-0.024505615
-0.024963379
-0.025390625
-0.025604248
-0.025268555
-0.026062012
-0.025665283
-0.026428223
-0.02658081
-0.02722168
-0.027404785
-0.026489258
-0.026672363
-0.02633667
-0.025848389
-0.025604248
-0.024658203
-0.023895264
-0.023071289
-0.022216797
-0.02142334
-0.020568848
-0.019836426
-0.01965332
-0.018035889
-0.01727295
-0.016143799
-0.0146484375
-0.014160156
-0.012634277
-0.011566162
-0.010803223
-0.009338379
-0.007537842
-0.006072998
-0.0040283203
-0.0018615723
3.0517578E-5
0.0022888184
0.0037841797
0.005493164
0.0077209473
0.009674072
0.011810303
0.01449585
0.016723633
0.018707275
0.021057129
0.023651123
0.025939941
0.028686523
0.030578613
0.03274536
0.034729004
0.036254883
0.03793335
0.0395813
0.042114258
0.043640137
0.045562744
0.04788208
0.049072266
0.04977417
0.050720215
0.050964355
0.050933838
0.05026245
0.050048828
0.048583984
0.047698975
0.045837402
0.044677734
0.043182373
0.04083252
0.03933716
0.03765869
0.03552246
0.03286743
0.030517578
0.027893066
0.025421143
0.022064209
0.020141602
0.018005371
0.015808105
0.014282227
0.012664795
0.010437012
0.008483887
0.007019043
0.005126953
0.0028076172
0.0011901855
-6.1035156E-4
-0.0032653809
-0.0053100586
-0.0073242188
-0.010040283
-0.011749268
-0.0140686035
-0.015838623
-0.017456055
-0.019165039
-0.021026611
-0.023162842
-0.023803711
-0.024658203
-0.025787354
-0.027313232
-0.02722168
-0.028015137
-0.028076172
-0.028167725
-0.027160645
-0.026672363
-0.026275635
-0.025939941
-0.02520752
-0.024139404
-0.024047852
-0.022949219
-0.02230835
-0.021331787
-0.020629883
-0.01977539
-0.01977539
-0.018859863
-0.019226074
-0.018615723
-0.0184021
-0.017730713
-0.0178833
-0.018493652
-0.018188477
-0.019042969
-0.019012451
-0.019134521
-0.019897461
-0.019683838
-0.020141602
-0.020599365
-0.020904541
-0.021453857
-0.021148682
-0.022003174
-0.02142334
-0.021270752
-0.022155762
-0.021881104
-0.021270752
-0.021148682
-0.020141602
-0.01977539
-0.019470215
-0.018341064
-0.018432617
-0.01687622
-0.015960693
-0.015838623
-0.015167236
-0.015014648
-0.014221191
-0.013061523
-0.01171875
-0.010681152
-0.008728027
-0.0078125
-0.0069885254
-0.005432129
-0.0043945312
-0.0028381348
-1.8310547E-4
0.001953125
0.0036621094
0.0051879883
0.007446289
0.009460449
0.011016846
0.012634277
0.014343262
0.01663208
0.018585205
0.020904541
0.02355957
0.025543213
0.027618408
0.029663086
0.03189087
0.03375244
0.036590576
0.03869629
0.040863037
0.042755127
0.043518066
0.045318604
0.046813965
0.048614502
0.04989624
0.050201416
0.050109863
0.050201416
0.04953003
0.048675537
0.047088623
0.04547119
0.044830322
0.043518066
0.041046143
0.03967285
0.037384033
0.03552246
0.033294678
0.031433105
0.028442383
0.026428223
0.02407837
0.020721436
0.018493652
0.015716553
0.01373291
0.012054443
0.010498047
0.0087890625
0.0072021484
0.005432129
0.003112793
0.0013427734
-1.8310547E-4
-0.001953125
-0.0033874512
-0.005554199
-0.0076904297
-0.009674072
-0.011871338
-0.013244629
-0.015075684
-0.01651001
-0.01852417
-0.020629883
-0.021636963
-0.023132324
-0.023834229
-0.024719238
-0.025482178
-0.026397705
-0.026611328
-0.026550293
-0.02658081
-0.026550293
-0.025756836
-0.024932861
-0.02407837
-0.023345947
-0.022155762
-0.020751953
-0.020202637
-0.019104004
-0.019104004
-0.018371582
-0.017486572
-0.017303467
-0.016723633
-0.01651001
-0.015808105
-0.016052246
-0.015533447
-0.015045166
-0.0152282715
-0.015106201
-0.0152282715
-0.015777588
-0.016082764
-0.016662598
-0.01776123
-0.018249512
-0.01864624
-0.019042969
-0.019439697
-0.019927979
-0.019744873
-0.019836426
-0.01977539
-0.019836426
-0.01977539
-0.019836426
-0.01965332
-0.01864624
-0.018310547
-0.017944336
-0.016784668
-0.01675415
-0.016082764
-0.0152282715
-0.014404297
-0.013641357
-0.012664795
-0.012237549
-0.01171875
-0.0101623535
-0.009643555
-0.008239746
-0.006500244
-0.005432129
-0.003967285
-0.002960205
-0.0014648438
2.746582E-4
0.0018005371
0.003753662
0.0060424805
0.007598877
0.009338379
0.010925293
0.012542725
0.014770508
0.016723633
0.018951416
0.021026611
0.023925781
0.0256958
0.028076172
0.029449463
0.031799316
0.033691406
0.035858154
0.03781128
0.03933716
0.041046143
0.042755127
0.044311523
0.045196533
0.046844482
0.047302246
0.048553467
0.048187256
0.047851562
0.0473938
0.045776367
0.04486084
0.04333496
0.041534424
0.040039062
0.039093018
0.037322998
0.035491943
0.03274536
0.03060913
0.027130127
0.025299072
0.022216797
0.01977539
0.0178833
0.01473999
0.013092041
0.010650635
0.009307861
0.007446289
0.0059509277
0.003967285
0.0032348633
9.460449E-4
-0.0014648438
-0.0032958984
-0.005584717
-0.007507324
-0.009796143
-0.011291504
-0.013031006
-0.014587402
-0.01626587
-0.017974854
-0.019683838
-0.021240234
-0.022949219
-0.024536133
-0.026275635
-0.027679443
-0.028198242
-0.02798462
-0.028533936
-0.028930664
-0.028747559
-0.028900146
-0.02810669
-0.02810669
-0.027160645
-0.026611328
-0.026367188
-0.025604248
-0.024383545
-0.023040771
-0.022369385
-0.02142334
-0.020721436
-0.019805908
-0.019805908
-0.019744873
-0.018951416
-0.019134521
-0.01889038
-0.019470215
-0.019500732
-0.018859863
-0.019165039
-0.018951416
-0.019134521
-0.018951416
-0.019989014
-0.020446777
-0.020843506
-0.021240234
-0.02166748
-0.022064209
-0.022491455
-0.022949219
-0.022766113
-0.022857666
-0.022094727
-0.022033691
-0.022125244
-0.021850586
-0.021270752
-0.021118164
-0.020111084
-0.01940918
-0.018463135
-0.018249512
-0.018341064
-0.017486572
-0.016662598
-0.015838623
-0.015014648
-0.014221191
-0.013366699
-0.01260376
-0.011444092
-0.009552002
-0.008636475
-0.007171631
-0.005432129
-0.0037231445
-0.0021972656
-3.3569336E-4
0.0018920898
0.0037841797
0.0061035156
0.0076293945
0.0093688965
0.010955811
0.012634277
0.014221191
0.01663208
0.019134521
0.020812988
0.0234375
0.025604248
0.02722168
0.028839111
0.031036377
0.033111572
0.03451538
0.036956787
0.03866577
0.04107666
0.04272461
0.043548584
0.044311523
0.04525757
0.045684814
0.045684814
0.045196533
0.044311523
0.042907715
0.041870117
0.040283203
0.03857422
0.036987305
0.035308838
0.03366089
0.032073975
0.030029297
0.02734375
0.025024414
0.02243042
0.020111084
0.016723633
0.014373779
0.012542725
0.010223389
0.008666992
0.0069885254
0.0053100586
0.0036315918
0.0019226074
8.8500977E-4
-4.5776367E-4
-0.0022888184
-0.0037231445
-0.005645752
-0.00793457
-0.009765625
-0.012329102
-0.014526367
-0.015594482
-0.016815186
-0.018676758
-0.02029419
-0.021972656
-0.02279663
-0.023742676
-0.025268555
-0.026000977
-0.026885986
-0.027435303
-0.027252197
-0.02746582
-0.026763916
-0.026550293
-0.025970459
-0.02508545
-0.025054932
-0.024169922
-0.0234375
-0.022521973
-0.021759033
-0.020874023
-0.02017212
-0.019165039
-0.019073486
-0.0184021
-0.01828003
-0.018249512
-0.01739502
-0.017333984
-0.01651001
-0.01687622
-0.016204834
-0.016296387
-0.016845703
-0.016601562
-0.016723633
-0.01727295
-0.017547607
-0.018249512
-0.018463135
-0.019134521
-0.018920898
-0.01940918
-0.019866943
-0.01977539
-0.019744873
-0.020446777
-0.019958496
-0.019744873
-0.01977539
-0.018951416
-0.018981934
-0.0178833
-0.01739502
-0.017181396
-0.016082764
-0.015960693
-0.015350342
-0.014526367
-0.013641357
-0.012969971
-0.0126953125
-0.011169434
-0.010406494
-0.009613037
-0.008728027
-0.008026123
-0.0066223145
-0.0049438477
-0.0025634766
-8.544922E-4
8.8500977E-4
0.003112793
0.0039978027
0.0057678223
0.0074768066
0.009094238
0.010803223
0.012298584
0.014526367
0.017028809
0.018951416
0.020507812
0.02230835
0.02456665
0.026428223
0.028747559
0.03036499
0.03201294
0.03366089
0.03527832
0.036956787
0.0385437
0.040924072
0.04269409
0.04345703
0.04434204
0.044952393
0.044830322
0.044921875
0.044555664
0.04309082
0.041992188
0.04058838
0.03869629
0.036590576
0.03543091
0.034057617
0.031921387
0.029876709
0.027679443
0.025787354
0.023223877
0.020233154
0.017944336
0.0152282715
0.013000488
0.011138916
0.008880615
0.0072021484
0.0056152344
0.0037231445
0.0026245117
0.0014038086
-3.6621094E-4
-0.0019226074
-0.0036315918
-0.005218506
-0.007080078
-0.009460449
-0.012023926
-0.014221191
-0.015777588
-0.01751709
-0.019195557
-0.020843506
-0.022460938
-0.024139404
-0.025054932
-0.025848389
-0.025878906
-0.026824951
-0.027313232
-0.02758789
-0.02822876
-0.02798462
-0.02822876
-0.027526855
-0.02670288
-0.025878906
-0.025115967
-0.02420044
-0.023529053
-0.022399902
-0.020935059
-0.020263672
-0.019317627
-0.018951416
-0.019104004
-0.018463135
-0.01751709
-0.016662598
-0.015960693
-0.015808105
-0.015075684
-0.015197754
-0.015136719
-0.015197754
-0.015167236
-0.015167236
-0.015197754
-0.014556885
-0.015014648
-0.015319824
-0.01586914
-0.016082764
-0.016784668
-0.016601562
-0.017028809
-0.017547607
-0.017333984
-0.01751709
-0.01675415
-0.016693115
-0.016662598
-0.01586914
-0.014984131
-0.014373779
-0.014343262
-0.012908936
-0.011688232
-0.010925293
-0.010131836
-0.009246826
-0.009155273
-0.008392334
-0.0068359375
-0.0059814453
-0.0050964355
-0.004180908
-0.003540039
-0.0021972656
-0.0010070801
2.1362305E-4
0.0020141602
0.003540039
0.0052490234
0.007751465
0.010192871
0.01171875
0.013427734
0.015045166
0.016693115
0.018341064
0.020111084
0.021636963
0.023986816
0.025787354
0.028137207
0.029876709
0.031555176
0.033081055
0.035095215
0.03729248
0.03878784
0.040496826
0.042175293
0.043884277
0.04550171
0.04638672
0.047210693
0.048034668
0.048797607
0.048339844
0.047912598
0.04727173
0.045318604
0.043884277
0.042114258
0.04046631
0.038726807
0.037200928
0.03543091
0.033935547
0.031982422
0.029510498
0.026641846
0.02319336
0.020477295
0.018005371
0.0154418945
0.013061523
0.011260986
0.008972168
0.007293701
0.005706787
0.0036621094
0.001373291
3.6621094E-4
-9.1552734E-4
-0.0026550293
-0.0042419434
-0.0059814453
-0.009124756
-0.010772705
-0.012573242
-0.014862061
-0.016662598
-0.019195557
-0.020385742
-0.022857666
-0.024169922
-0.024902344
-0.025756836
-0.02658081
-0.02734375
-0.028289795
-0.028808594
-0.029083252
-0.029876709
-0.02960205
-0.029876709
-0.029083252
-0.028778076
-0.028289795
-0.027313232
-0.02734375
-0.025543213
-0.024169922
-0.02331543
-0.022613525
-0.02154541
-0.021362305
-0.020812988
-0.020507812
-0.020599365
-0.019897461
-0.019683838
-0.019134521
-0.018829346
-0.018432617
-0.019165039
-0.018981934
-0.019073486
-0.019012451
-0.019073486
-0.018981934
-0.019714355
-0.019836426
-0.019836426
-0.0206604
-0.020477295
-0.0206604
-0.02041626
-0.020996094
-0.021026611
-0.019897461
-0.019836426
-0.019195557
-0.018310547
-0.018310547
-0.017211914
-0.01675415
-0.016296387
-0.014709473
-0.014160156
-0.013153076
-0.012481689
-0.0115356445
-0.01083374
-0.009887695
-0.009246826
-0.008117676
-0.00680542
-0.005645752
-0.004180908
-0.0031738281
-0.0013427734
1.2207031E-4
0.0024414062
0.004272461
0.006591797
0.008514404
0.009918213
0.0119018555
0.013916016
0.014862061
0.01663208
0.018157959
0.020446777
0.022399902
0.024475098
0.027160645
0.028717041
0.030639648
0.03289795
0.03463745
0.036132812
0.03817749
0.04034424
0.041870117
0.043762207
0.044647217
0.04611206
0.047821045
0.048706055
0.04940796
0.04940796
0.04937744
0.04928589
0.047912598
0.046661377
0.045562744
0.043640137
0.04284668
0.040496826
0.03869629
0.0362854
0.03390503
0.032226562
0.029541016
0.027191162
0.024230957
0.02130127
0.019042969
0.016357422
0.013946533
0.012145996
0.010650635
0.008758545
0.0065307617
0.004547119
0.0022888184
8.239746E-4
-9.460449E-4
-0.0024108887
-0.0047912598
-0.006652832
-0.009002686
-0.009979248
-0.011688232
-0.014007568
-0.01574707
-0.018188477
-0.019683838
-0.021484375
-0.022979736
-0.024749756
-0.026275635
-0.027404785
-0.02798462
-0.029052734
-0.02960205
-0.030029297
-0.03024292
-0.029632568
-0.029724121
-0.029754639
-0.029174805
-0.028167725
-0.02810669
-0.02670288
-0.0256958
-0.025054932
-0.023986816
-0.02368164
-0.023223877
-0.022827148
-0.022399902
-0.022003174
-0.02154541
-0.0211792
-0.021362305
-0.021270752
-0.02218628
-0.021820068
-0.021392822
-0.02230835
-0.02154541
-0.021697998
-0.022125244
-0.02255249
-0.022918701
-0.023406982
-0.023712158
-0.0234375
-0.023803711
-0.024291992
-0.024536133
-0.025268555
-0.024627686
-0.024261475
-0.023925781
-0.022857666
-0.022857666
-0.022033691
-0.021270752
-0.020385742
-0.019683838
-0.01864624
-0.0184021
-0.017578125
-0.016052246
-0.015533447
-0.013946533
-0.012939453
-0.012878418
-0.011352539
-0.00970459
-0.0079956055
-0.0066223145
-0.005584717
-0.003692627
-0.0022277832
-3.0517578E-5
0.002532959
0.0043029785
0.006652832
0.008514404
0.010009766
0.011779785
0.013244629
0.015106201
0.016448975
0.018829346
0.020721436
0.022949219
0.024841309
0.027069092
0.029693604
0.031402588
0.03375244
0.03540039
0.03692627
0.03894043
0.041168213
0.042785645
0.044403076
0.04611206
0.047058105
0.047912598
0.048614502
0.048736572
0.048553467
0.048858643
0.04800415
0.046813965
0.045166016
0.04296875
0.04147339
0.03967285
0.038116455
0.03640747
0.034820557
0.033111572
0.030303955
0.027160645
0.02456665
0.021270752
0.01977539
0.016693115
0.01461792
0.012451172
0.0105896
0.009002686
0.0065307617
0.00491333
0.0031738281
0.0016479492
-9.1552734E-5
-0.0016174316
-0.0038452148
-0.0058898926
-0.007385254
-0.009155273
-0.010650635
-0.012573242
-0.014770508
-0.016601562
-0.019317627
-0.021392822
-0.022888184
-0.024719238
-0.025634766
-0.02709961
-0.028076172
-0.028167725
-0.029815674
-0.02960205
-0.029968262
-0.030517578
-0.030456543
-0.030151367
-0.029083252
-0.028320312
-0.027435303
-0.026672363
-0.025817871
-0.025848389
-0.024841309
-0.02432251
-0.024139404
-0.023223877
-0.022399902
-0.021942139
-0.022155762
-0.021942139
-0.02279663
-0.022064209
-0.022125244
-0.021881104
-0.021392822
-0.02218628
-0.021972656
-0.022369385
-0.023376465
-0.023620605
-0.023590088
-0.02355957
-0.023620605
-0.023529053
-0.023651123
-0.023468018
-0.023895264
-0.024108887
-0.0234375
-0.02368164
-0.02319336
-0.02166748
-0.020629883
-0.019897461
-0.019042969
-0.019012451
-0.018127441
-0.017181396
-0.016479492
-0.015289307
-0.0138549805
-0.013336182
-0.011779785
-0.0107421875
-0.010009766
-0.008453369
-0.007507324
-0.005859375
-0.004119873
-0.0025024414
-8.239746E-4
7.6293945E-4
0.0024108887
0.004486084
0.007171631
0.0095825195
0.011474609
0.01361084
0.014709473
