buf 15 of 46 length=1792
0.016143799
0.018188477
0.020446777
0.022277832
0.025054932
0.026794434
0.029083252
0.031097412
0.03250122
0.035095215
0.03656006
0.038482666
0.04071045
0.042510986
0.043945312
0.046142578
0.04815674
0.04977417
0.050811768
0.051574707
0.052368164
0.052490234
0.05218506
0.050689697
0.049713135
0.04815674
0.04763794
0.04623413
0.04458618
0.042907715
0.041229248
0.039489746
0.037231445
0.035369873
0.032989502
0.030395508
0.02798462
0.02508545
0.022155762
0.019836426
0.017181396
0.015380859
0.013092041
0.0113220215
0.009796143
0.008026123
0.006500244
0.004425049
0.002166748
7.9345703E-4
-0.0014953613
-0.0033569336
-0.005645752
-0.007598877
-0.009796143
-0.011657715
-0.013946533
-0.015533447
-0.017303467
-0.018859863
-0.021057129
-0.022644043
-0.023712158
-0.025634766
-0.02709961
-0.028167725
-0.028076172
-0.0289917
-0.028656006
-0.02923584
-0.029449463
-0.028656006
-0.0289917
-0.028320312
-0.027526855
-0.026641846
-0.025909424
-0.025756836
-0.02508545
-0.025054932
-0.025115967
-0.024871826
-0.023864746
-0.02355957
-0.023590088
-0.023620605
-0.022979736
-0.022735596
-0.023620605
-0.02355957
-0.023651123
-0.023529053
-0.02368164
-0.0234375
-0.02407837
-0.024230957
-0.025360107
-0.026000977
-0.02633667
-0.026733398
-0.02645874
-0.02670288
-0.026428223
-0.026733398
-0.026184082
-0.025878906
-0.025390625
-0.025024414
-0.024627686
-0.022979736
-0.022094727
-0.021240234
-0.020477295
-0.019622803
-0.018829346
-0.017944336
-0.017059326
-0.016235352
-0.015472412
-0.014099121
-0.012359619
-0.010803223
-0.009094238
-0.007537842
-0.0057373047
-0.0043029785
-0.0032958984
-0.0015258789
6.1035156E-5
0.0016784668
0.0037841797
0.006500244
0.008880615
0.0107421875
0.012939453
0.014831543
0.017089844
0.018981934
0.021606445
0.023620605
0.025543213
0.028289795
0.02999878
0.032470703
0.034118652
0.03591919
0.038116455
0.04006958
0.0423584
0.04425049
0.04650879
0.047912598
0.04977417
0.050750732
0.051513672
0.052368164
0.05166626
0.05166626
0.05154419
0.050689697
0.049713135
0.047851562
0.046691895
0.045562744
0.04321289
0.041259766
0.03967285
0.037963867
0.03555298
0.033081055
0.03060913
0.028015137
0.025604248
0.023071289
0.021057129
0.019592285
0.017181396
0.014709473
0.012908936
0.011383057
0.009613037
0.008178711
0.0061035156
0.0038452148
0.0022583008
7.019043E-4
-0.0015258789
-0.003479004
-0.005004883
-0.007446289
-0.009277344
-0.0115356445
-0.013366699
-0.015655518
-0.01727295
-0.019012451
-0.0206604
-0.021881104
-0.022521973
-0.02407837
-0.025024414
-0.025848389
-0.02658081
-0.02658081
-0.026550293
-0.026611328
-0.026519775
-0.02670288
-0.026062012
-0.025848389
-0.025268555
-0.025024414
-0.024383545
-0.02355957
-0.02355957
-0.023651123
-0.023284912
-0.023010254
-0.023773193
-0.023468018
-0.023651123
-0.02355957
-0.023010254
-0.023376465
-0.023742676
-0.023406982
-0.023895264
-0.024169922
-0.024932861
-0.026000977
-0.026062012
-0.027252197
-0.027282715
-0.027954102
-0.028167725
-0.028076172
-0.028930664
-0.028717041
-0.0289917
-0.0284729
-0.028167725
-0.027648926
-0.02734375
-0.026824951
-0.026519775
-0.026000977
-0.02508545
-0.024230957
-0.02267456
-0.021881104
-0.021087646
-0.019958496
-0.01852417
-0.017944336
-0.016326904
-0.015319824
-0.013916016
-0.0128479
-0.011444092
-0.009643555
-0.008148193
-0.006286621
-0.0048217773
-0.0025634766
-6.713867E-4
0.0014953613
0.0033874512
0.005706787
0.0075683594
0.009918213
0.012359619
0.013946533
0.015533447
0.017486572
0.020080566
0.022583008
0.02456665
0.02658081
0.02935791
0.031066895
0.03338623
0.03515625
0.03665161
0.03857422
0.04083252
0.042510986
0.044128418
0.045898438
0.046875
0.048339844
0.04876709
0.04925537
0.049468994
0.04840088
0.046905518
0.046203613
0.04510498
0.04333496
0.041748047
0.039886475
0.03894043
0.03753662
0.03579712
0.033447266
0.030914307
0.028411865
0.025756836
0.02255249
0.020446777
0.017211914
0.014862061
0.013336182
0.012268066
0.010864258
0.009124756
0.007507324
0.0058898926
0.0039367676
0.0016784668
1.2207031E-4
-0.0014953613
-0.0036010742
-0.0057373047
-0.0072631836
-0.008972168
-0.0105896
-0.012268066
-0.014801025
-0.017059326
-0.018859863
-0.020080566
-0.021270752
-0.022613525
-0.023254395
-0.02420044
-0.024902344
-0.025848389
-0.025817871
-0.026733398
-0.02734375
-0.027374268
-0.02709961
-0.0262146
-0.025421143
-0.024597168
-0.023712158
-0.02355957
-0.022949219
-0.022766113
-0.022857666
-0.02279663
-0.022857666
-0.02279663
-0.022827148
-0.02279663
-0.022827148
-0.022827148
-0.022827148
-0.022827148
-0.022827148
-0.022827148
-0.02279663
-0.022918701
-0.023925781
-0.02432251
-0.024627686
-0.025268555
-0.024902344
-0.025756836
-0.025817871
-0.025878906
-0.02645874
-0.025939941
-0.026519775
-0.0256958
-0.026000977
-0.025421143
-0.02508545
-0.024627686
-0.024230957
-0.023864746
-0.022094727
-0.021331787
-0.02041626
-0.019714355
-0.018737793
-0.018127441
-0.016662598
-0.015533447
-0.014251709
-0.013000488
-0.012390137
-0.01083374
-0.009155273
-0.0075683594
-0.0057678223
-0.0032958984
-0.0018310547
-6.1035156E-5
0.0014343262
0.0036315918
0.0056762695
0.0078125
0.00982666
0.011230469
0.013092041
0.01449585
0.01651001
0.018859863
0.021850586
0.024414062
0.0262146
0.029022217
0.030883789
0.032409668
0.034820557
0.036499023
0.038146973
0.039764404
0.041503906
0.043121338
0.044921875
0.046020508
0.047302246
0.048583984
0.048675537
0.048614502
0.048706055
0.047698975
0.046295166
0.04522705
0.04385376
0.042755127
0.04135132
0.04019165
0.03842163
0.0362854
0.034301758
0.03286743
0.03024292
0.027893066
0.025115967
0.022094727
0.019622803
0.017456055
0.015808105
0.014221191
0.011993408
0.010070801
0.008575439
0.006072998
0.0043945312
0.0026550293
0.0012817383
3.0517578E-4
-0.0015563965
-0.0029296875
-0.0053100586
-0.007232666
-0.009429932
-0.011352539
-0.0128479
-0.014587402
-0.016143799
-0.017852783
-0.019561768
-0.021270752
-0.02255249
-0.023162842
-0.024658203
-0.025726318
-0.026489258
-0.02658081
-0.026641846
-0.027282715
-0.02645874
-0.026672363
-0.02633667
-0.025390625
-0.025054932
-0.024658203
-0.02368164
-0.022979736
-0.022735596
-0.02218628
-0.021911621
-0.02130127
-0.021270752
-0.021331787
-0.021270752
-0.021331787
-0.021240234
-0.021362305
-0.021240234
-0.021362305
-0.021209717
-0.021453857
-0.021972656
-0.02230835
-0.022827148
-0.023071289
-0.02407837
-0.024383545
-0.024291992
-0.02432251
-0.024902344
-0.024536133
-0.024871826
-0.02444458
-0.024047852
-0.023651123
-0.023254395
-0.022766113
-0.022491455
-0.021453857
-0.02078247
-0.019866943
-0.019134521
-0.018188477
-0.017425537
-0.016296387
-0.014953613
-0.013885498
-0.012420654
-0.011810303
-0.010894775
-0.009643555
-0.007751465
-0.0069885254
-0.005218506
-0.00289917
-0.0010986328
0.0012512207
0.002746582
0.004486084
0.0060424805
0.008331299
0.010284424
0.01184082
0.013549805
0.015106201
0.017608643
0.020050049
0.021759033
0.02444458
0.02645874
0.028442383
0.031219482
0.032958984
0.035186768
0.037139893
0.03857422
0.04043579
0.042785645
0.04449463
0.046020508
0.047851562
0.048980713
0.050231934
0.051574707
0.051635742
0.051696777
0.050994873
0.050109863
0.049346924
0.048431396
0.046661377
0.045318604
0.044311523
0.04244995
0.04095459
0.038604736
0.036193848
0.03363037
0.031341553
0.029418945
0.026275635
0.024597168
0.022125244
0.020843506
0.018493652
0.01651001
0.014404297
0.012359619
0.0115356445
0.010009766
0.008270264
0.0067443848
0.0047302246
0.002532959
6.4086914E-4
-0.0016174316
-0.0030517578
-0.0048217773
-0.006439209
-0.0082092285
-0.009765625
-0.012237549
-0.0146484375
-0.017120361
-0.01852417
-0.019348145
-0.020080566
-0.021331787
-0.022735596
-0.022735596
-0.0234375
-0.023620605
-0.024261475
-0.024353027
-0.024291992
-0.02432251
-0.024169922
-0.023101807
-0.022888184
-0.022338867
-0.022033691
-0.021514893
-0.021209717
-0.021362305
-0.02053833
-0.020599365
-0.02053833
-0.020568848
-0.020568848
-0.02053833
-0.020599365
-0.020477295
-0.021148682
-0.02130127
-0.021972656
-0.022827148
-0.022827148
-0.022766113
-0.023010254
-0.023712158
-0.023468018
-0.023925781
-0.024871826
-0.025146484
-0.025024414
-0.025756836
-0.025848389
-0.025024414
-0.025146484
-0.024871826
-0.024108887
-0.023132324
-0.022827148
-0.022369385
-0.021972656
-0.021575928
-0.02053833
-0.019897461
-0.01889038
-0.01828003
-0.016998291
-0.015686035
-0.014587402
-0.013122559
-0.01260376
-0.011077881
-0.010070801
-0.008666992
-0.0069274902
-0.004486084
-0.00289917
-0.001953125
8.544922E-4
0.002746582
0.0048828125
0.0071105957
0.008544922
0.010345459
0.011260986
0.012756348
0.014465332
0.016906738
0.019439697
0.021942139
0.024230957
0.025665283
0.027709961
0.030395508
0.032287598
0.034454346
0.036468506
0.03717041
0.03894043
0.04034424
0.042541504
0.044433594
0.045410156
0.046966553
0.04711914
0.047210693
0.046539307
0.046325684
0.045074463
0.043945312
0.04257202
0.041625977
0.04071045
0.038726807
0.037750244
0.036071777
0.033447266
0.03100586
0.028503418
0.025970459
0.023620605
0.020965576
0.018798828
0.016723633
0.0146484375
0.01260376
0.010864258
0.009887695
0.00793457
0.006500244
0.004638672
0.002380371
0.0013427734
-2.1362305E-4
-0.0019226074
-0.003479004
-0.0052490234
-0.006866455
-0.008911133
-0.01159668
-0.013336182
-0.014984131
-0.016601562
-0.01751709
-0.019226074
-0.020965576
-0.022338867
-0.023101807
-0.023956299
-0.024719238
-0.025634766
-0.025878906
-0.026367188
-0.02670288
-0.026428223
-0.025970459
-0.025543213
-0.024047852
-0.023468018
-0.023742676
-0.023071289
-0.022857666
-0.022247314
-0.022033691
-0.021392822
-0.02130127
-0.021240234
-0.02053833
-0.02053833
-0.0206604
-0.020233154
-0.019744873
-0.01977539
-0.02029419
-0.0206604
-0.020507812
-0.021270752
-0.021331787
-0.022125244
-0.022003174
-0.022247314
-0.022979736
-0.022644043
-0.023345947
-0.02355957
-0.024108887
-0.024383545
-0.023651123
-0.023498535
-0.022857666
-0.02267456
-0.021972656
-0.022125244
-0.021820068
-0.020751953
-0.0206604
-0.01953125
-0.018310547
-0.017578125
-0.016601562
-0.015930176
-0.014862061
-0.013397217
-0.0126953125
-0.01159668
-0.00970459
-0.00869751
-0.007385254
-0.005584717
-0.0039367676
-0.0022888184
-6.4086914E-4
9.765625E-4
0.0026550293
0.004211426
0.006011963
0.0075683594
0.009735107
0.01171875
0.0138549805
0.015838623
0.01727295
0.019927979
0.022247314
0.023925781
0.025512695
0.027160645
0.028869629
0.030578613
0.032196045
0.03378296
0.036071777
0.03793335
0.03942871
0.040405273
0.042114258
0.043823242
0.045288086
0.045654297
0.045684814
0.04525757
0.04425049
0.0440979
0.043548584
0.0418396
0.041046143
0.03994751
0.038513184
0.03640747
0.03439331
0.03225708
0.030395508
0.027618408
0.025238037
0.02331543
0.019836426
0.017364502
0.014862061
0.013427734
0.011627197
0.0101623535
0.008056641
0.0058898926
0.0043029785
0.0025939941
0.0010375977
-7.019043E-4
-0.0022277832
-0.003967285
-0.005493164
-0.0075683594
-0.00970459
-0.01159668
-0.013885498
-0.0152282715
-0.017669678
-0.019622803
-0.020477295
-0.022003174
-0.023712158
-0.02532959
-0.026855469
-0.027496338
-0.028564453
-0.028747559
-0.02935791
-0.029815674
-0.029663086
-0.029724121
-0.029724121
-0.028778076
-0.028045654
-0.027069092
-0.026611328
-0.026275635
-0.025817871
-0.02545166
-0.024993896
-0.024658203
-0.023590088
-0.022979736
-0.021942139
-0.021362305
-0.021240234
-0.021392822
-0.021209717
-0.021453857
-0.02078247
-0.020965576
-0.02142334
-0.0211792
-0.022003174
-0.022094727
-0.022827148
-0.022827148
-0.022827148
-0.022827148
-0.022827148
-0.022827148
-0.022827148
-0.022827148
-0.02279663
-0.022857666
-0.022094727
-0.022033691
-0.021148682
-0.020477295
-0.01940918
-0.019134521
-0.018615723
-0.018371582
-0.017303467
-0.016021729
-0.01473999
-0.01361084
-0.012908936
-0.011199951
-0.00970459
-0.009033203
-0.0077819824
-0.006500244
-0.005340576
-0.003479004
-0.001953125
-2.4414062E-4
0.0013427734
0.0037231445
0.005493164
0.007965088
0.009521484
0.011199951
0.012817383
0.014465332
0.016082764
0.017852783
0.019439697
0.02178955
0.02355957
0.025970459
0.028381348
0.030090332
0.03164673
0.03363037
0.035888672
0.03729248
0.039093018
0.040618896
0.042419434
0.044006348
0.04574585
0.04724121
0.048095703
0.048828125
0.04977417
0.050201416
0.050201416
0.049713135
0.048858643
0.047454834
0.0463562
0.044952393
0.04309082
0.04067993
0.039123535
0.037384033
0.03591919
0.03375244
0.031402588
0.028137207
0.02609253
0.023223877
0.021240234
0.01889038
0.016418457
0.0146484375
0.012359619
0.010559082
0.0082092285
0.0068359375
0.0049438477
0.0033874512
0.0016784668
9.1552734E-5
-0.0015869141
-0.0039978027
-0.005554199
-0.007598877
-0.00982666
-0.011352539
-0.013061523
-0.01461792
-0.016326904
-0.018005371
-0.020385742
-0.022125244
-0.023651123
-0.024536133
-0.026245117
-0.026489258
-0.026947021
-0.02734375
-0.027770996
-0.028198242
-0.028045654
-0.027496338
-0.027252197
-0.026611328
-0.02658081
-0.02645874
-0.0256958
-0.025970459
-0.025482178
-0.02456665
-0.024230957
-0.024414062
-0.023651123
-0.023590088
-0.023529053
-0.02279663
-0.022857666
-0.02279663
-0.022827148
-0.02279663
-0.022827148
-0.02279663
-0.022857666
-0.02279663
-0.022857666
-0.023498535
-0.023712158
-0.02432251
-0.024353027
-0.024261475
-0.024383545
-0.024169922
-0.024902344
-0.024597168
-0.024261475
-0.023742676
-0.023498535
-0.02279663
-0.021911621
-0.021057129
-0.02053833
-0.020355225
-0.019348145
-0.018615723
-0.017730713
-0.016235352
-0.0152282715
-0.013763428
-0.012817383
-0.011138916
-0.009735107
-0.008666992
-0.0072631836
-0.006225586
-0.004272461
-0.0027770996
-0.0015869141
-3.6621094E-4
0.0015258789
0.0036621094
0.005645752
0.0079956055
0.0107421875
0.012512207
0.0134887695
0.015350342
0.016784668
0.019134521
0.02166748
0.024108887
0.025878906
0.028259277
0.029968262
0.03164673
0.03314209
0.035247803
0.037384033
0.038879395
0.04058838
0.042297363
0.043945312
0.04562378
0.04714966
0.04812622
0.049621582
0.05029297
0.049804688
0.04937744
0.049041748
0.04815674
0.04675293
0.045654297
0.044311523
0.04248047
0.040893555
0.039093018
0.03765869
0.035583496
0.03326416
0.030181885
0.027282715
0.024871826
0.023071289
0.020141602
0.018188477
0.01574707
0.0132751465
0.01184082
0.010009766
0.0087890625
0.007751465
0.0053710938
0.0033569336
0.0018310547
1.2207031E-4
-0.0014343262
-0.003112793
-0.0048217773
-0.0074157715
-0.008728027
-0.010925293
-0.012939453
-0.014953613
-0.017089844
-0.018585205
-0.020446777
-0.021911621
-0.022949219
-0.02355957
-0.024627686
-0.024963379
-0.025604248
-0.02709961
-0.027404785
-0.02722168
-0.027954102
-0.027557373
-0.02658081
-0.02658081
-0.025756836
-0.024932861
-0.024108887
-0.023284912
-0.022705078
-0.022949219
-0.02230835
-0.022003174
-0.022094727
-0.022064209
-0.022064209
-0.022094727
-0.021942139
-0.021209717
-0.021362305
-0.021270752
-0.021331787
-0.021240234
-0.021759033
-0.022735596
-0.022827148
-0.023529053
-0.022827148
-0.022918701
-0.02368164
-0.023529053
-0.023651123
-0.023498535
-0.023986816
-0.024475098
-0.023712158
-0.023590088
-0.022888184
-0.022064209
-0.022003174
-0.021148682
-0.020355225
-0.01953125
-0.018676758
-0.017913818
-0.016418457
-0.015350342
-0.014038086
-0.012237549
-0.011444092
-0.010559082
-0.00982666
-0.00881958
-0.007019043
-0.0057678223
-0.004547119
-0.0028076172
-0.0012207031
4.272461E-4
0.0027160645
0.004547119
0.006958008
0.008605957
0.010375977
0.012786865
0.014129639
0.016296387
0.018432617
0.020050049
0.021728516
0.023345947
0.024993896
0.026611328
0.02835083
0.030944824
0.033203125
0.03475952
0.036468506
0.038085938
0.03970337
0.041412354
0.043121338
0.04473877
0.045684814
0.04638672
0.047332764
0.047912598
0.047912598
0.047668457
0.046661377
0.046020508
0.04458618
0.042907715
0.04119873
0.03955078
0.037872314
0.0362854
0.03451538
0.031921387
0.029541016
0.026824951
0.025024414
0.022369385
0.01940918
0.017150879
0.014434814
0.012268066
0.011108398
0.00881958
0.007171631
0.0055236816
0.003753662
0.0021972656
4.8828125E-4
-0.0010681152
-0.0028076172
-0.004333496
-0.006225586
-0.008483887
-0.010314941
-0.012664795
-0.014099121
-0.016174316
-0.0184021
-0.019958496
-0.02166748
-0.023284912
-0.024291992
-0.0256958
-0.026733398
-0.02734375
-0.028411865
-0.028747559
-0.029205322
-0.029815674
-0.029693604
-0.029693604
-0.029785156
-0.028961182
-0.028808594
-0.028808594
-0.02798462
-0.027160645
-0.026367188
-0.025482178
-0.025024414
-0.025115967
-0.025054932
-0.02508545
-0.02508545
-0.025054932
-0.025115967
-0.024993896
-0.024261475
-0.024353027
-0.024291992
-0.02432251
-0.024261475
-0.024719238
-0.025299072
-0.02432251
-0.025024414
-0.025054932
-0.02520752
-0.025787354
-0.026062012
-0.026428223
-0.0256958
-0.025939941
-0.025756836
-0.025939941
-0.025268555
-0.024414062
-0.023620605
-0.022766113
-0.021942139
-0.021209717
-0.021270752
-0.019866943
-0.018707275
-0.017456055
-0.015625
-0.014007568
-0.012939453
-0.012268066
-0.010620117
-0.009887695
-0.00881958
-0.006134033
-0.0038757324
-0.0023498535
-6.4086914E-4
9.460449E-4
0.0026245117
0.004211426
0.0059814453
0.0076293945
0.010101318
0.01159668
0.013397217
0.014831543
0.016998291
0.019104004
0.021118164
0.023254395
0.02468872
0.02645874
0.028015137
0.030578613
0.03213501
0.03387451
0.035369873
0.03741455
0.0395813
0.041137695
0.042907715
0.044525146
0.04559326
0.04626465
0.04724121
0.048675537
0.04864502
0.048675537
0.048461914
0.047454834
0.046813965
0.04537964
0.044281006
0.04296875
0.04107666
0.0395813
0.03768921
0.03463745
0.033050537
0.030181885
0.028259277
0.025817871
0.022766113
0.020568848
0.017791748
0.016113281
0.013763428
0.012054443
0.010467529
0.008758545
0.0072021484
0.0051879883
0.0028381348
0.0015258789
-8.239746E-4
-0.0027160645
-0.0043029785
-0.0060424805
-0.0076904297
-0.009307861
-0.011016846
-0.012481689
-0.014770508
-0.01776123
-0.018615723
-0.020019531
-0.02166748
-0.023345947
-0.024291992
-0.025054932
-0.025939941
-0.02670288
-0.027557373
-0.028381348
-0.028930664
-0.028747559
-0.028930664
-0.028320312
-0.02746582
-0.027252197
-0.026733398
-0.026397705
-0.025939941
-0.025604248
-0.02508545
-0.024810791
-0.023956299
-0.023040771
-0.02279663
-0.022766113
-0.023498535
-0.022888184
-0.022857666
-0.02355957
-0.022705078
-0.022918701
-0.022735596
-0.023162842
-0.023712158
-0.0234375
-0.02420044
-0.02432251
-0.02432251
-0.025024414
-0.025146484
-0.024963379
-0.025360107
-0.025665283
-0.024902344
-0.025268555
-0.024536133
-0.024291992
-0.023803711
-0.022857666
-0.022094727
-0.021209717
-0.020477295
-0.01953125
-0.01889038
-0.01763916
-0.015899658
-0.014190674
-0.013122559
-0.011810303
-0.010620117
-0.010040283
-0.0082092285
-0.0068969727
-0.0056152344
-0.003326416
-0.0028686523
-0.0015258789
6.1035156E-5
0.0021972656
0.0048217773
0.006652832
0.008972168
0.01071167
0.012298584
0.014007568
0.015533447
0.017364502
0.01889038
0.021057129
0.023040771
0.025177002
0.027160645
0.02935791
0.03137207
0.0335083
0.035339355
0.036895752
0.0395813
0.04031372
0.04232788
0.043914795
0.045074463
0.046875
0.047851562
0.048553467
0.049560547
0.049957275
0.049591064
0.050048828
0.049072266
0.04800415
0.046203613
0.044647217
0.042907715
0.04196167
0.04043579
0.038604736
0.036376953
0.03451538
0.032073975
0.029510498
0.027069092
0.024536133
0.022155762
0.019561768
0.017700195
0.016021729
0.013763428
0.011932373
0.010528564
0.008453369
0.0065612793
0.0055236816
0.0036621094
0.002105713
4.5776367E-4
-0.0017089844
-0.0043029785
-0.006072998
-0.007751465
-0.009338379
-0.011047363
-0.01260376
-0.014556885
-0.01687622
-0.0178833
-0.019317627
-0.020477295
-0.021118164
-0.022735596
-0.023620605
-0.024414062
-0.025146484
-0.025024414
-0.025115967
-0.025024414
-0.025177002
-0.02456665
-0.024230957
-0.024383545
-0.02368164
-0.023529053
-0.023651123
-0.0234375
-0.02267456
-0.02166748
-0.021331787
-0.020935059
-0.020477295
-0.020629883
-0.02053833
-0.020568848
-0.020568848
-0.02053833
-0.0206604
-0.021362305
-0.021270752
-0.02130127
-0.02130127
-0.021270752
-0.021728516
-0.022705078
-0.023468018
-0.023651123
-0.023498535
-0.023742676
-0.024230957
-0.0234375
-0.023742676
-0.023162842
-0.022827148
-0.022338867
-0.022003174
-0.021514893
-0.0211792
-0.020690918
-0.019592285
-0.019042969
-0.017791748
-0.01638794
-0.015350342
-0.0134887695
-0.012390137
-0.011657715
-0.010772705
-0.010009766
-0.008453369
-0.007507324
-0.005859375
-0.004119873
-0.0025024414
-8.544922E-4
7.9345703E-4
0.002380371
0.004547119
0.006652832
0.008117676
0.009918213
0.011413574
0.013214111
0.01461792
0.016723633
0.01889038
0.020874023
0.023071289
0.024475098
0.026763916
0.028717041
0.02960205
0.031311035
0.03274536
0.03479004
0.036712646
0.03778076
0.03933716
0.041625977
0.04321289
0.04437256
0.045654297
0.046203613
0.047180176
0.047058105
0.04626465
0.045440674
0.0446167
0.043823242
0.04272461
0.040740967
0.039733887
0.038360596
0.03665161
0.034362793
0.032562256
0.03012085
0.027557373
0.025115967
0.022705078
0.020080566
0.018127441
0.01586914
0.014007568
0.011779785
0.0099487305
0.008361816
0.0067443848
0.0048828125
0.0034484863
0.0012817383
-4.272461E-4
-0.0015258789
-0.0028381348
-0.0039978027
-0.00592041
-0.0074768066
-0.009155273
-0.010864258
-0.013214111
-0.014862061
-0.016357422
-0.018493652
-0.020446777
-0.020812988
-0.022460938
-0.0234375
-0.024230957
-0.025024414
-0.025939941
-0.026550293
-0.026733398
-0.027435303
-0.027282715
-0.027404785
-0.026947021
-0.025970459
-0.025848389
-0.02520752
-0.025024414
-0.024353027
-0.0234375
-0.022766113
-0.022857666
-0.022766113
-0.022918701
-0.022369385
-0.021972656
-0.022094727
-0.022064209
-0.022033691
-0.022125244
-0.021942139
-0.021331787
-0.0211792
-0.02166748
-0.021759033
-0.021453857
-0.022705078
-0.022827148
-0.02279663
-0.023498535
-0.023620605
-0.02432251
-0.024261475
-0.024414062
-0.024017334
-0.023620605
-0.02319336
-0.02279663
-0.022338867
-0.021972656
-0.021514893
-0.020507812
-0.019805908
-0.018920898
-0.018035889
-0.01626587
-0.015808105
-0.014373779
-0.013214111
-0.012023926
-0.010192871
-0.009246826
-0.008453369
-0.006866455
-0.0051574707
-0.004333496
-0.0024108887
-3.0517578E-5
0.0010681152
0.0022277832
0.0040283203
0.005645752
0.0073547363
0.009613037
0.011505127
0.013702393
0.015563965
0.017852783
0.019561768
0.021209717
0.022857666
0.024505615
0.026062012
0.028289795
0.030334473
0.03112793
0.032073975
0.03363037
0.035491943
0.03781128
0.039276123
0.04107666
0.04269409
0.04446411
0.04550171
0.045684814
0.04623413
0.045806885
0.045410156
0.04498291
0.04446411
0.043060303
0.041992188
0.040100098
0.03857422
0.036865234
0.03527832
0.033599854
0.03125
0.028625488
0.0262146
0.023712158
0.021331787
0.018707275
0.016540527
0.015075684
