buf 16 of 46 length=1792
0.013305664
0.011779785
0.009429932
0.007659912
0.006072998
0.004272461
0.0026855469
0.0010070801
-5.79834E-4
-0.0022583008
-0.0038757324
-0.0056152344
-0.0072631836
-0.00894165
-0.010528564
-0.012237549
-0.013793945
-0.01550293
-0.017089844
-0.019012451
-0.020111084
-0.021362305
-0.022644043
-0.023284912
-0.024810791
-0.025848389
-0.026489258
-0.026641846
-0.026489258
-0.02670288
-0.026367188
-0.02709961
-0.026885986
-0.026977539
-0.027038574
-0.025817871
-0.025909424
-0.02508545
-0.024261475
-0.02355957
-0.023498535
-0.022644043
-0.023040771
-0.02230835
-0.022460938
-0.022888184
-0.02331543
-0.023712158
-0.023498535
-0.02368164
-0.023498535
-0.02368164
-0.0234375
-0.023925781
-0.024291992
-0.024719238
-0.02520752
-0.024993896
-0.025146484
-0.025024414
-0.025146484
-0.025817871
-0.025909424
-0.025634766
-0.024993896
-0.024932861
-0.023712158
-0.02368164
-0.022979736
-0.022827148
-0.022155762
-0.021362305
-0.021118164
-0.019744873
-0.018615723
-0.017150879
-0.016113281
-0.01461792
-0.014129639
-0.01260376
-0.011505127
-0.01083374
-0.009185791
-0.0076293945
-0.0066833496
-0.0049743652
-0.0032348633
-0.001739502
3.0517578E-4
0.0025024414
0.0038757324
0.0063171387
0.0082092285
0.010406494
0.012298584
0.01373291
0.015563965
0.016967773
0.019256592
0.0211792
0.02331543
0.025299072
0.027404785
0.029510498
0.03100586
0.032714844
0.034301758
0.036010742
0.037628174
0.039276123
0.040893555
0.04272461
0.043884277
0.0446167
0.04550171
0.04626465
0.045776367
0.04550171
0.044891357
0.04373169
0.0423584
0.041503906
0.04067993
0.03942871
0.037719727
0.036132812
0.03387451
0.031311035
0.029693604
0.027038574
0.02468872
0.022064209
0.020050049
0.017974854
0.015716553
0.014282227
0.012481689
0.011566162
0.010101318
0.008361816
0.0068359375
0.004852295
0.0027160645
0.0019226074
-6.1035156E-5
-0.0010986328
-0.002380371
-0.0040893555
-0.00579834
-0.007446289
-0.009124756
-0.010681152
-0.012512207
-0.014801025
-0.016418457
-0.017852783
-0.018676758
-0.019439697
-0.02078247
-0.022033691
-0.022003174
-0.022766113
-0.022857666
-0.023620605
-0.02355957
-0.023620605
-0.02355957
-0.023651123
-0.02319336
-0.02267456
-0.023010254
-0.02154541
-0.021209717
-0.0206604
-0.020507812
-0.020629883
-0.020385742
-0.01953125
-0.018707275
-0.018157959
-0.018798828
-0.019042969
-0.019592285
-0.019897461
-0.019744873
-0.0206604
-0.020477295
-0.0206604
-0.02041626
-0.020935059
-0.021270752
-0.021728516
-0.022155762
-0.022033691
-0.022064209
-0.022064209
-0.022033691
-0.022125244
-0.021972656
-0.022216797
-0.021606445
-0.02166748
-0.021759033
-0.0211792
-0.020904541
-0.019805908
-0.019165039
-0.018218994
-0.01739502
-0.016448975
-0.014709473
-0.013336182
-0.012573242
-0.011810303
-0.010498047
-0.009246826
-0.008636475
-0.007019043
-0.005340576
-0.0043945312
-0.0027160645
-2.4414062E-4
0.0010986328
0.003326416
0.005004883
0.006072998
0.008056641
0.009429932
0.011932373
0.013549805
0.015289307
0.016723633
0.0178833
0.02041626
0.021759033
0.023925781
0.026031494
0.027526855
0.02935791
0.030944824
0.03262329
0.034179688
0.03515625
0.036743164
0.03845215
0.040008545
0.041809082
0.043121338
0.043792725
0.04473877
0.044921875
0.04486084
0.044158936
0.043273926
0.042541504
0.041503906
0.03967285
0.038360596
0.03741455
0.035064697
0.033111572
0.031555176
0.029205322
0.02658081
0.024291992
0.021606445
0.019561768
0.01751709
0.015289307
0.01361084
0.012481689
0.011230469
0.009490967
0.007873535
0.0062561035
0.0044555664
0.003753662
0.0026550293
0.0013427734
3.0517578E-5
-0.0023498535
-0.003753662
-0.005584717
-0.0072021484
-0.008880615
-0.010498047
-0.0128479
-0.014587402
-0.015167236
-0.016357422
-0.017700195
-0.018951416
-0.02029419
-0.020965576
-0.021850586
-0.022644043
-0.023529053
-0.022918701
-0.02355957
-0.023529053
-0.02267456
-0.022979736
-0.022460938
-0.022033691
-0.021728516
-0.0206604
-0.020599365
-0.019927979
-0.019744873
-0.019805908
-0.018951416
-0.019134521
-0.018829346
-0.018218994
-0.018341064
-0.01828003
-0.018341064
-0.01828003
-0.018310547
-0.018920898
-0.019134521
-0.018920898
-0.019226074
-0.01977539
-0.020050049
-0.020690918
-0.020446777
-0.020965576
-0.021881104
-0.022094727
-0.022033691
-0.022094727
-0.022033691
-0.022094727
-0.021911621
-0.021026611
-0.020263672
-0.019378662
-0.018951416
-0.019134521
-0.018493652
-0.017547607
-0.016693115
-0.015197754
-0.014282227
-0.013580322
-0.012451172
-0.011016846
-0.010375977
-0.009155273
-0.007293701
-0.0063476562
-0.004852295
-0.0030822754
-0.0022277832
-6.1035156E-4
0.0010375977
0.0026855469
0.004272461
0.006011963
0.0076904297
0.009338379
0.010986328
0.01260376
0.014251709
0.015930176
0.0184021
0.020050049
0.02166748
0.023345947
0.024932861
0.026641846
0.028198242
0.02999878
0.031555176
0.033935547
0.03567505
0.03656006
0.038146973
0.039886475
0.041290283
0.042175293
0.042938232
0.043884277
0.044128418
0.044128418
0.044067383
0.044158936
0.043304443
0.041809082
0.04067993
0.039276123
0.038269043
0.03652954
0.034942627
0.033233643
0.031677246
0.02935791
0.026733398
0.023742676
0.021759033
0.018737793
0.017028809
0.015411377
0.013824463
0.011810303
0.009552002
0.00869751
0.0072631836
0.0054626465
0.004486084
0.0029907227
0.0012207031
-2.4414062E-4
-0.0021972656
-0.0044555664
-0.006011963
-0.0078125
-0.009338379
-0.011108398
-0.01260376
-0.014404297
-0.016571045
-0.017700195
-0.019104004
-0.020263672
-0.021575928
-0.022735596
-0.024108887
-0.024780273
-0.02520752
-0.024932861
-0.025817871
-0.025787354
-0.025909424
-0.025756836
-0.025970459
-0.025543213
-0.025054932
-0.024780273
-0.023773193
-0.023590088
-0.023071289
-0.02267456
-0.02230835
-0.02255249
-0.022338867
-0.02255249
-0.02230835
-0.02267456
-0.021820068
-0.02255249
-0.022918701
-0.022735596
-0.023498535
-0.023590088
-0.023620605
-0.024353027
-0.02432251
-0.02432251
-0.02432251
-0.024291992
-0.024627686
-0.0256958
-0.025848389
-0.025817871
-0.02645874
-0.026672363
-0.026428223
-0.025909424
-0.025634766
-0.024841309
-0.023864746
-0.023620605
-0.023132324
-0.022766113
-0.022369385
-0.020690918
-0.019805908
-0.018218994
-0.017333984
-0.01638794
-0.014587402
-0.013336182
-0.012268066
-0.010375977
-0.009429932
-0.008026123
-0.0063171387
-0.0053100586
-0.0045166016
-0.0027160645
-4.272461E-4
0.0014038086
0.003753662
0.0051574707
0.007446289
0.009521484
0.010467529
0.01184082
0.01361084
0.015106201
0.016967773
0.019317627
0.021118164
0.023498535
0.024841309
0.02709961
0.02911377
0.031280518
0.033325195
0.034088135
0.035705566
0.037322998
0.039001465
0.04058838
0.04244995
0.04373169
0.044555664
0.044952393
0.044830322
0.044891357
0.044891357
0.043518066
0.043273926
0.041625977
0.040039062
0.039154053
0.037322998
0.03579712
0.03414917
0.03201294
0.02999878
0.027893066
0.025115967
0.022949219
0.020935059
0.018920898
0.017913818
0.016082764
0.01449585
0.0128479
0.011199951
0.009552002
0.00793457
0.0062561035
0.0045776367
0.0028381348
0.0014038086
4.272461E-4
-0.0012817383
-0.00289917
-0.0045166016
-0.006286621
-0.007904053
-0.009643555
-0.010528564
-0.0121154785
-0.013702393
-0.0154418945
-0.016815186
-0.017913818
-0.01940918
-0.020202637
-0.020629883
-0.020904541
-0.021972656
-0.022064209
-0.022064209
-0.022827148
-0.022735596
-0.022003174
-0.022094727
-0.022064209
-0.021850586
-0.020751953
-0.020568848
-0.02053833
-0.020629883
-0.019866943
-0.019104004
-0.018920898
-0.0184021
-0.019134521
-0.018981934
-0.019073486
-0.018981934
-0.01940918
-0.02041626
-0.020599365
-0.020568848
-0.020568848
-0.02130127
-0.021331787
-0.022338867
-0.02279663
-0.023071289
-0.023742676
-0.023406982
-0.024139404
-0.024291992
-0.024963379
-0.02444458
-0.024230957
-0.023590088
-0.023620605
-0.023376465
-0.022735596
-0.022613525
-0.021514893
-0.020904541
-0.019927979
-0.019195557
-0.018951416
-0.017578125
-0.016448975
-0.015075684
-0.014160156
-0.013519287
-0.012207031
-0.010986328
-0.00982666
-0.0079956055
-0.006500244
-0.004638672
-0.0037841797
-0.0021362305
-6.1035156E-4
0.0013427734
0.0035095215
0.005432129
0.007873535
0.0087890625
0.010101318
0.011871338
0.013397217
0.015808105
0.018341064
0.020019531
0.02154541
0.023498535
0.025787354
0.027008057
0.027679443
0.029083252
0.030883789
0.032409668
0.03479004
0.03652954
0.038085938
0.03982544
0.041259766
0.042144775
0.042938232
0.04385376
0.044128418
0.044189453
0.042999268
0.041809082
0.041107178
0.04006958
0.038635254
0.03781128
0.036865234
0.035003662
0.033569336
0.03137207
0.028869629
0.026275635
0.023925781
0.022003174
0.019897461
0.017852783
0.015777588
0.014709473
0.013336182
0.012298584
0.010498047
0.00894165
0.0072631836
0.005554199
0.0038452148
0.0022583008
0.0014038086
5.493164E-4
-0.0012817383
-0.002532959
-0.0036010742
-0.005432129
-0.007080078
-0.00869751
-0.010406494
-0.0113220215
-0.012878418
-0.01449585
-0.015350342
-0.017150879
-0.018676758
-0.019042969
-0.019317627
-0.020385742
-0.020568848
-0.020568848
-0.02053833
-0.020599365
-0.020507812
-0.020629883
-0.020355225
-0.01977539
-0.019592285
-0.01864624
-0.017791748
-0.01727295
-0.01751709
-0.017364502
-0.01687622
-0.01651001
-0.016082764
-0.01663208
-0.016906738
-0.01751709
-0.017364502
-0.017486572
-0.017333984
-0.018066406
-0.018371582
-0.01889038
-0.019165039
-0.019744873
-0.019836426
-0.019866943
-0.020965576
-0.02130127
-0.021362305
-0.0211792
-0.021850586
-0.022125244
-0.022033691
-0.022094727
-0.022003174
-0.021240234
-0.021362305
-0.021087646
-0.020233154
-0.01940918
-0.018615723
-0.017700195
-0.016845703
-0.016052246
-0.014556885
-0.013549805
-0.0121154785
-0.011108398
-0.0095825195
-0.008972168
-0.0076904297
-0.006378174
-0.0056762695
-0.004180908
-0.0024719238
-0.0015258789
-3.0517578E-5
0.0016479492
0.0032958984
0.00491333
0.0068969727
0.009216309
0.010559082
0.0128479
0.014801025
0.016326904
0.018188477
0.019012451
0.020690918
0.022247314
0.024108887
0.026428223
0.027893066
0.029663086
0.031341553
0.032989502
0.03463745
0.0362854
0.037902832
0.039520264
0.04031372
0.04119873
0.04208374
0.042938232
0.043518066
0.042999268
0.042053223
0.0418396
0.041259766
0.040222168
0.038848877
0.03778076
0.0362854
0.034484863
0.033050537
0.030944824
0.028808594
0.026794434
0.024108887
0.022399902
0.020050049
0.01828003
0.015808105
0.014221191
0.012359619
0.010040283
0.008575439
0.00680542
0.005554199
0.004852295
0.003326416
0.0023498535
8.544922E-4
-7.9345703E-4
-0.0016479492
-0.0033569336
-0.0049743652
-0.0067443848
-0.008331299
-0.010040283
-0.011627197
-0.013336182
-0.014892578
-0.01663208
-0.017425537
-0.019256592
-0.020690918
-0.021606445
-0.022033691
-0.022399902
-0.022918701
-0.02279663
-0.022766113
-0.0234375
-0.023620605
-0.02355957
-0.022735596
-0.022094727
-0.021881104
-0.021209717
-0.02130127
-0.021362305
-0.020874023
-0.020477295
-0.020599365
-0.02053833
-0.020568848
-0.020599365
-0.020446777
-0.019744873
-0.01977539
-0.020050049
-0.020751953
-0.020385742
-0.021118164
-0.021270752
-0.021881104
-0.02279663
-0.022857666
-0.023590088
-0.023590088
-0.02355957
-0.023742676
-0.024780273
-0.02508545
-0.025146484
-0.024536133
-0.024230957
-0.024383545
-0.024230957
-0.023620605
-0.023468018
-0.022613525
-0.021820068
-0.020904541
-0.02053833
-0.020263672
-0.018737793
-0.01751709
-0.016845703
-0.015167236
-0.014465332
-0.013397217
-0.012054443
-0.010894775
-0.009613037
-0.008422852
-0.0071411133
-0.0059509277
-0.0039978027
-0.002532959
-7.9345703E-4
7.6293945E-4
0.0025024414
0.0050354004
0.007446289
0.008880615
0.0107421875
0.01184082
0.013061523
0.014831543
0.016326904
0.018829346
0.021270752
0.022979736
0.024475098
0.025360107
0.027191162
0.028656006
0.030975342
0.03289795
0.03463745
0.03552246
0.03768921
0.03878784
0.04034424
0.041900635
0.04196167
0.042877197
0.043792725
0.04385376
0.04324341
0.043121338
0.041259766
0.040405273
0.03881836
0.037261963
0.036315918
0.034698486
0.032989502
0.031463623
0.02935791
0.026824951
0.024291992
0.022460938
0.020202637
0.018371582
0.015991211
0.015045166
0.013336182
0.011993408
0.010925293
0.009246826
0.0074768066
0.0064697266
0.0049743652
0.0038757324
0.0024414062
8.239746E-4
-2.1362305E-4
-0.0024414062
-0.0043945312
-0.006500244
-0.0074157715
-0.008911133
-0.009796143
-0.012298584
-0.0140686035
-0.01574707
-0.016662598
-0.017486572
-0.019195557
-0.019805908
-0.019927979
-0.020965576
-0.02130127
-0.021606445
-0.022705078
-0.02230835
-0.021942139
-0.022155762
-0.021911621
-0.021392822
-0.021087646
-0.020629883
-0.020263672
-0.01977539
-0.019470215
-0.01889038
-0.019134521
-0.018951416
-0.019104004
-0.01965332
-0.019989014
-0.020477295
-0.02078247
-0.021331787
-0.02130127
-0.021270752
-0.021362305
-0.021209717
-0.021881104
-0.022705078
-0.022918701
-0.023498535
-0.023773193
-0.024261475
-0.02456665
-0.025146484
-0.025054932
-0.02508545
-0.02508545
-0.025054932
-0.02508545
-0.025054932
-0.024353027
-0.023406982
-0.022888184
-0.022491455
-0.020812988
-0.020599365
-0.020233154
-0.019226074
-0.018615723
-0.016967773
-0.015960693
-0.01449585
-0.013549805
-0.011962891
-0.0113220215
-0.010070801
-0.00881958
-0.0076293945
-0.0063476562
-0.005126953
-0.0032348633
-0.0017700195
3.0517578E-5
0.0022888184
0.0039978027
0.0056152344
0.0074157715
0.008972168
0.01071167
0.012176514
0.014434814
0.01638794
0.018035889
0.019073486
0.02053833
0.023132324
0.024475098
0.026611328
0.028442383
0.029449463
0.031402588
0.032806396
0.03515625
0.037017822
0.038604736
0.03955078
0.041107178
0.04196167
0.042785645
0.042266846
0.041900635
0.041381836
0.040985107
0.040100098
0.038757324
0.03756714
0.036346436
0.03503418
0.033081055
0.031799316
0.029571533
0.027526855
0.025421143
0.023406982
0.021331787
0.019317627
0.017120361
0.015106201
0.013000488
0.0119018555
0.010467529
0.00970459
0.00869751
0.0067749023
0.005706787
0.004333496
0.0026245117
0.0010070801
3.0517578E-5
-0.0014343262
-0.0024108887
-0.0040283203
-0.0056762695
-0.007659912
-0.009979248
-0.011291504
-0.013702393
-0.015075684
-0.015716553
-0.016662598
-0.017364502
-0.019195557
-0.020629883
-0.020507812
-0.020721436
-0.021697998
-0.022125244
-0.022033691
-0.022064209
-0.022033691
-0.022094727
-0.021362305
-0.02053833
-0.020507812
-0.01965332
-0.019958496
-0.01940918
-0.019073486
-0.01864624
-0.018188477
-0.018371582
-0.018249512
-0.018981934
-0.019104004
-0.019744873
-0.018951416
-0.019134521
-0.018920898
-0.019439697
-0.019805908
-0.020202637
-0.020721436
-0.020446777
-0.021270752
-0.022003174
-0.022155762
-0.022857666
-0.022766113
-0.023040771
-0.023712158
-0.023468018
-0.023712158
-0.023010254
-0.022766113
-0.022857666
-0.02279663
-0.022033691
-0.021240234
-0.02130127
-0.020019531
-0.018707275
-0.017852783
-0.017059326
-0.015686035
-0.014526367
-0.013824463
-0.012939453
-0.011444092
-0.010528564
-0.0087890625
-0.0074157715
-0.006378174
-0.004547119
-0.0028686523
-0.001739502
-4.8828125E-4
0.0012512207
0.003479004
0.005340576
0.0069885254
0.008666992
0.010284424
0.011932373
0.01361084
0.015136719
0.017364502
0.019470215
0.020904541
0.022705078
0.024230957
0.025970459
0.027496338
0.02923584
0.030914307
0.03262329
0.034179688
0.035949707
0.03704834
0.03778076
0.039215088
0.040985107
0.041809082
0.042785645
0.04336548
0.04345703
0.043060303
0.04257202
0.04232788
0.041229248
0.040527344
0.039001465
0.038024902
0.03652954
0.03479004
0.032287598
0.029937744
0.02835083
0.026428223
0.023773193
0.021911621
0.019744873
0.017669678
0.016143799
0.014434814
0.0128479
0.011169434
0.009552002
0.00793457
0.0061950684
0.0047912598
0.0040893555
0.0032653809
0.001953125
1.2207031E-4
-0.0013427734
-0.0031738281
-0.0053710938
-0.0064086914
-0.008087158
-0.009735107
-0.011383057
-0.013000488
-0.014678955
-0.015808105
-0.016448975
-0.018188477
-0.019012451
-0.019927979
-0.020568848
-0.020690918
-0.021606445
-0.02218628
-0.021881104
-0.022644043
-0.022338867
-0.021972656
-0.022125244
-0.022033691
-0.021240234
-0.02053833
-0.020568848
-0.020629883
-0.020263672
-0.019683838
-0.019897461
-0.019744873
-0.019866943
-0.019714355
-0.020568848
-0.020507812
-0.020690918
-0.02130127
-0.021331787
-0.0211792
-0.021697998
-0.022064209
-0.022521973
-0.022949219
-0.022766113
-0.022857666
-0.023529053
-0.023651123
-0.024414062
-0.02420044
-0.024658203
-0.024871826
-0.024108887
-0.024505615
-0.023712158
-0.023590088
-0.022918701
-0.022766113
-0.022033691
-0.021148682
-0.02041626
-0.019500732
-0.01876831
-0.017578125
-0.015625
-0.014709473
-0.013244629
-0.012237549
-0.010772705
-0.00982666
-0.008148193
-0.0066833496
-0.0057373047
-0.0038452148
-0.002319336
-5.79834E-4
9.460449E-4
0.0026855469
0.0042419434
0.006713867
0.008453369
0.010040283
0.011749268
0.013305664
0.015075684
0.016479492
0.018737793
0.020843506
0.022369385
0.024047852
0.026306152
0.028137207
0.029815674
0.03149414
0.033081055
0.03479004
0.036346436
0.038116455
0.039245605
0.04043579
0.0423584
0.043884277
0.044952393
0.045532227
0.045776367
0.04537964
0.044921875
0.044555664
0.0440979
0.04345703
0.04135132
0.04046631
0.039001465
0.037322998
0.03643799
0.03475952
0.032226562
0.029785156
0.027191162
0.024841309
0.022216797
0.02029419
0.018676758
0.017578125
0.016082764
0.014434814
0.012756348
0.011169434
0.009429932
0.008117676
0.0070495605
0.0052490234
0.003540039
0.0024719238
0.001159668
-6.4086914E-4
-0.0021972656
-0.004638672
-0.0063171387
-0.008026123
-0.009613037
-0.011291504
-0.012908936
-0.014587402
-0.016143799
-0.018005371
-0.018951416
-0.01977539
-0.02053833
-0.021453857
-0.022125244
-0.023254395
-0.023223877
-0.023132324
-0.023345947
-0.022613525
-0.022979736
-0.022705078
-0.022949219
-0.02267456
-0.022216797
-0.022705078
-0.021942139
-0.022155762
-0.021942139
-0.022521973
-0.022827148
-0.023284912
-0.023742676
-0.022857666
-0.022827148
-0.022857666
-0.023651123
-0.023498535
-0.023803711
-0.024475098
-0.024169922
-0.024841309
-0.02508545
-0.025634766
-0.025909424
-0.02645874
-0.026611328
-0.026611328
-0.02746582
-0.02722168
-0.027496338
-0.026885986
-0.02658081
-0.026153564
-0.025726318
-0.025939941
-0.025115967
-0.024353027
-0.024261475
-0.023345947
-0.02166748
-0.021209717
-0.01977539
-0.01864624
-0.017364502
-0.015533447
-0.013946533
-0.012329102
-0.011352539
-0.010620117
-0.008758545
-0.0075683594
-0.0061035156
-0.0038146973
-0.0019226074
3.0517578E-4
0.0017089844
0.003479004
0.0050354004
0.006866455
0.008483887
0.010925293
0.012420654
0.014373779
0.01663208
0.018127441
0.020019531
0.02142334
0.023803711
0.025634766
0.027252197
0.028839111
0.030670166
0.032104492
0.033081055
0.034820557
0.03640747
0.038085938
0.03967285
0.04144287
0.04257202
0.04324341
0.044189453
0.044769287
0.0440979
0.044128418
0.044006348
0.04269409
0.0413208
0.040618896
0.039245605
0.03753662
0.035949707
0.034240723
0.031921387
0.030181885
0.028503418
0.02670288
0.024047852
0.022033691
0.020385742
0.01889038
0.016479492
0.014587402
0.013031006
0.011383057
0.010498047
0.00894165
0.0082092285
0.0071411133
0.0053100586
0.0037841797
0.0014953613
6.1035156E-5
-5.493164E-4
-0.002105713
-0.003753662
-0.0045776367
-0.006591797
-0.008758545
-0.01071167
-0.012908936
-0.01449585
-0.015655518
-0.016906738
-0.018218994
-0.01889038
-0.019836426
-0.021331787
-0.022094727
-0.022125244
-0.023162842
-0.023620605
-0.023590088
-0.02355957
-0.023651123
-0.023010254
-0.022766113
-0.02218628
-0.022735596
-0.022827148
-0.021850586
-0.02243042
-0.022583008
-0.021942139
-0.022125244
-0.022003174
-0.022125244
-0.021972656
-0.02279663
-0.02279663
-0.023773193
-0.024169922
-0.023712158
-0.02444458
-0.024261475
-0.024291992
-0.02468872
-0.0256958
-0.026397705
-0.026672363
-0.026519775
-0.026641846
-0.026489258
-0.026672363
-0.02645874
-0.026733398
-0.026062012
-0.026245117
-0.026275635
-0.025146484
-0.024505615
-0.02355957
-0.023620605
-0.022613525
-0.020996094
-0.01928711
-0.0178833
-0.017089844
-0.015930176
-0.014038086
-0.013153076
-0.011657715
-0.010070801
-0.008300781
-0.0068969727
-0.00579834
-0.004211426
-0.002105713
-3.3569336E-4
7.019043E-4
0.0024719238
0.0046081543
0.006652832
0.008850098
0.0107421875
0.012969971
0.014709473
0.01626587
0.017974854
0.019714355
0.021270752
0.023406982
0.025512695
0.026885986
0.029449463
0.030456543
0.031982422
0.032836914
0.034729004
0.037017822
0.0385437
0.040252686
0.041900635
0.043670654
0.044799805
0.04486084
0.045562744
0.045654297
0.045654297
0.045532227
0.044677734
0.04360962
0.042114258
0.041534424
0.039978027
0.03894043
0.037628174
0.03515625
0.033477783
0.030975342
0.028503418
0.025909424
0.023803711
0.021881104
0.01965332
0.018127441
0.016235352
0.015350342
0.013885498
0.012207031
0.011352539
0.009674072
0.008087158
0.0063476562
0.0047302246
0.0026550293
5.187988E-4
-9.1552734E-4
-0.002746582
-0.0036315918
-0.0051574707
-0.006958008
-0.008544922
-0.010253906
-0.011810303
-0.013519287
-0.015075684
-0.016845703
-0.018005371
-0.018859863
-0.019622803
-0.02053833
-0.021240234
-0.022216797
-0.022766113
-0.023071289
-0.023590088
-0.023864746
-0.02444458
-0.024230957
-0.02444458
-0.023712158
-0.02355957
-0.022888184
-0.02279663
-0.022857666
-0.02279663
-0.022857666
-0.02279663
-0.022857666
-0.022735596
-0.02331543
-0.02368164
-0.023498535
-0.02368164
-0.02420044
-0.024505615
-0.025024414
-0.02532959
-0.025909424
-0.025848389
-0.025756836
-0.02633667
-0.026611328
-0.027160645
-0.027435303
-0.028015137
-0.028167725
-0.027954102
-0.027252197
-0.02746582
-0.026977539
-0.026519775
-0.026245117
-0.02520752
-0.024536133
-0.023620605
-0.022857666
-0.0211792
-0.020446777
-0.018493652
-0.017242432
-0.016021729
-0.014770508
-0.01361084
-0.01184082
-0.010223389
-0.009216309
-0.007751465
-0.0060424805
-0.0042419434
-0.0018615723
-3.3569336E-4
0.0014038086
0.0029296875
0.0046691895
0.0062561035
0.008605957
0.010437012
0.012664795
0.014526367
0.015991211
0.0178833
0.020324707
0.021728516
0.023864746
0.025970459
0.027496338
0.029296875
0.030944824
0.03253174
0.034240723
0.03579712
0.03756714
0.039001465
0.041107178
0.043304443
0.044952393
0.046142578
0.046936035
0.04714966
0.04776001
0.04864502
0.047912598
0.047821045
0.04699707
0.045959473
0.04425049
0.042633057
0.041259766
0.04058838
0.039123535
0.037506104
0.03515625
0.03338623
0.030944824
0.028381348
0.025878906
0.02368164
0.022155762
0.02041626
0.01889038
0.017059326
0.016052246
0.0146484375
0.013580322
0.012145996
0.010284424
0.008911133
0.006713867
0.004852295
0.0038757324
0.0020141602
4.8828125E-4
-0.0012207031
-0.0027770996
-0.0051879883
-0.006958008
-0.008636475
-0.010131836
-0.010986328
-0.012939453
-0.014007568
-0.0152282715
-0.016998291
-0.018127441
-0.01889038
-0.01977539
-0.02053833
-0.02142334
-0.02218628
-0.023010254
-0.022399902
-0.022338867
-0.022949219
-0.022735596
-0.022888184
-0.022766113
-0.023529053
-0.023620605
-0.02355957
