buf 17 of 46 length=1792
-0.023590088
-0.02355957
-0.023590088
-0.02355957
-0.023590088
-0.023590088
-0.02355957
-0.024139404
-0.024414062
-0.024932861
-0.025238037
-0.025756836
-0.026062012
-0.026611328
-0.026763916
-0.027862549
-0.028076172
-0.028564453
-0.028961182
-0.028717041
-0.029724121
-0.029693604
-0.029754639
-0.029632568
-0.029815674
-0.02935791
-0.028747559
-0.028625488
-0.027069092
-0.025939941
-0.025848389
-0.025177002
-0.024291992
-0.023498535
-0.02178955
-0.021240234
-0.019927979
-0.018737793
-0.017486572
-0.015777588
-0.013519287
-0.012207031
-0.010955811
-0.009063721
-0.007598877
-0.00579834
-0.004211426
-0.0024414062
-9.1552734E-4
8.239746E-4
0.0022888184
0.0046081543
0.0065612793
0.0082092285
0.00982666
0.012298584
0.01461792
0.016296387
0.017822266
0.019989014
0.022033691
0.024047852
0.026184082
0.027618408
0.029510498
0.031066895
0.03274536
0.034362793
0.03604126
0.03765869
0.03930664
0.040924072
0.042785645
0.043914795
0.0446167
0.045532227
0.045684814
0.044891357
0.044067383
0.04324341
0.04244995
0.041534424
0.040740967
0.039520264
0.03781128
0.036193848
0.034576416
0.032287598
0.030456543
0.028076172
0.026306152
0.023742676
0.021575928
0.019744873
0.017333984
0.016235352
0.0154418945
0.014129639
0.012298584
0.011505127
0.009857178
0.008300781
0.0074768066
0.006591797
0.004486084
0.0035705566
0.0018005371
-2.4414062E-4
-0.0023498535
-0.004333496
-0.00592041
-0.0069274902
-0.0076904297
-0.0093688965
-0.0101623535
-0.012054443
-0.013397217
-0.01574707
-0.017242432
-0.018005371
-0.018920898
-0.019714355
-0.019836426
-0.020568848
-0.020507812
-0.020751953
-0.021331787
-0.021331787
-0.0211792
-0.021820068
-0.021636963
-0.0211792
-0.021362305
-0.021270752
-0.02130127
-0.021362305
-0.021118164
-0.020690918
-0.02142334
-0.021453857
-0.022705078
-0.022735596
-0.023406982
-0.023590088
-0.024230957
-0.02508545
-0.025146484
-0.025909424
-0.025787354
-0.025878906
-0.025787354
-0.026123047
-0.027160645
-0.027313232
-0.027923584
-0.028167725
-0.028045654
-0.028137207
-0.028137207
-0.0289917
-0.028533936
-0.02810669
-0.027832031
-0.026763916
-0.02658081
-0.02609253
-0.025146484
-0.023742676
-0.02267456
-0.021270752
-0.020233154
-0.018585205
-0.016723633
-0.015594482
-0.014343262
-0.013031006
-0.012451172
-0.010925293
-0.008605957
-0.007507324
-0.0060424805
-0.0041503906
-0.002746582
-6.1035156E-4
0.0014343262
0.0034179688
0.005645752
0.0071411133
0.008880615
0.010467529
0.012176514
0.01373291
0.014587402
0.016479492
0.018951416
0.02029419
0.022491455
0.02456665
0.026062012
0.027801514
0.029449463
0.031188965
0.032684326
0.03366089
0.03527832
0.037017822
0.038330078
0.039093018
0.039916992
0.040771484
0.04107666
0.04095459
0.041046143
0.040924072
0.040222168
0.03930664
0.038635254
0.037384033
0.036132812
0.035003662
0.03326416
0.031188965
0.028503418
0.02609253
0.024261475
0.021972656
0.02029419
0.01864624
0.016906738
0.015289307
0.013671875
0.0119018555
0.010894775
0.009521484
0.008392334
0.0077209473
0.0067749023
0.005126953
0.004425049
0.0032958984
0.0018920898
9.1552734E-4
-9.765625E-4
-0.002380371
-0.004760742
-0.0066833496
-0.008270264
-0.009979248
-0.011505127
-0.012390137
-0.014160156
-0.01550293
-0.01626587
-0.017089844
-0.017974854
-0.018859863
-0.019622803
-0.020507812
-0.020568848
-0.021331787
-0.021240234
-0.021362305
-0.021057129
-0.020477295
-0.020629883
-0.02053833
-0.020599365
-0.02053833
-0.020568848
-0.020568848
-0.020568848
-0.020568848
-0.020568848
-0.020568848
-0.02053833
-0.020599365
-0.020477295
-0.021026611
-0.021881104
-0.022735596
-0.022827148
-0.02355957
-0.022705078
-0.023071289
-0.023498535
-0.024108887
-0.025268555
-0.025238037
-0.02658081
-0.026000977
-0.025817871
-0.025848389
-0.025848389
-0.025848389
-0.025848389
-0.025726318
-0.024749756
-0.02407837
-0.023071289
-0.022827148
-0.022338867
-0.02142334
-0.0206604
-0.019836426
-0.018920898
-0.017211914
-0.015533447
-0.013977051
-0.012176514
-0.011077881
-0.009765625
-0.008575439
-0.0073547363
-0.005432129
-0.0038757324
-0.002166748
-6.1035156E-4
0.0011291504
0.002532959
0.0034179688
0.0056762695
0.007843018
0.009338379
0.011077881
0.01260376
0.014984131
0.016723633
0.018432617
0.020080566
0.021697998
0.023345947
0.025024414
0.02658081
0.028747559
0.03100586
0.031707764
0.033355713
0.03488159
0.03591919
0.03729248
0.038360596
0.039916992
0.041809082
0.042999268
0.04397583
0.04360962
0.04336548
0.042755127
0.041900635
0.040893555
0.04031372
0.039916992
0.038482666
0.037475586
0.03579712
0.033721924
0.031555176
0.03024292
0.027679443
0.025909424
0.023620605
0.021820068
0.019439697
0.017944336
0.015991211
0.014892578
0.013580322
0.012420654
0.011108398
0.009979248
0.008636475
0.0075683594
0.0068359375
0.0049743652
0.0033874512
0.0017700195
6.1035156E-5
-0.0014038086
-0.0037231445
-0.0050964355
-0.0064697266
-0.0076293945
-0.009002686
-0.0107421875
-0.011505127
-0.013336182
-0.014709473
-0.015411377
-0.01638794
-0.016693115
-0.017089844
-0.018096924
-0.018951416
-0.019042969
-0.019805908
-0.019744873
-0.020019531
-0.020446777
-0.019683838
-0.019866943
-0.01977539
-0.019805908
-0.019866943
-0.019165039
-0.01965332
-0.019866943
-0.018951416
-0.019195557
-0.019866943
-0.019744873
-0.020080566
-0.020996094
-0.021728516
-0.022644043
-0.022888184
-0.022766113
-0.022888184
-0.022735596
-0.022979736
-0.02355957
-0.023773193
-0.024597168
-0.025543213
-0.025878906
-0.025909424
-0.025268555
-0.025024414
-0.02508545
-0.02432251
-0.024291992
-0.024261475
-0.023223877
-0.022888184
-0.022460938
-0.022003174
-0.02166748
-0.020690918
-0.020019531
-0.018432617
-0.01739502
-0.015808105
-0.014129639
-0.012512207
-0.010986328
-0.010498047
-0.009033203
-0.007904053
-0.006652832
-0.0048217773
-0.0031738281
-0.0015869141
-6.1035156E-4
8.8500977E-4
0.0028381348
0.0050354004
0.0070495605
0.009246826
0.010772705
0.012420654
0.014129639
0.015075684
0.016571045
0.018341064
0.020080566
0.02243042
0.024017334
0.025665283
0.027313232
0.0289917
0.030792236
0.03173828
0.033203125
0.034210205
0.035705566
0.03741455
0.0390625
0.040496826
0.041290283
0.04220581
0.043060303
0.04345703
0.04336548
0.042907715
0.041137695
0.040283203
0.039398193
0.03781128
0.037109375
0.036071777
0.03427124
0.032806396
0.03060913
0.02859497
0.026397705
0.02444458
0.022277832
0.020385742
0.018951416
0.016815186
0.014862061
0.014160156
0.013092041
0.011138916
0.010284424
0.0082092285
0.0068969727
0.0055236816
0.0043945312
0.0037841797
0.0027160645
0.0010986328
-5.79834E-4
-0.002166748
-0.0038452148
-0.005493164
-0.0072631836
-0.0087890625
-0.011199951
-0.012176514
-0.012969971
-0.013793945
-0.0146484375
-0.015380859
-0.016326904
-0.016967773
-0.0184021
-0.019714355
-0.01977539
-0.02041626
-0.0206604
-0.020446777
-0.020721436
-0.020233154
-0.020080566
-0.020355225
-0.019683838
-0.019836426
-0.019836426
-0.019226074
-0.018981934
-0.019073486
-0.019042969
-0.018981934
-0.019226074
-0.019805908
-0.020019531
-0.020690918
-0.020477295
-0.020629883
-0.02053833
-0.020568848
-0.021148682
-0.022125244
-0.02279663
-0.022857666
-0.022735596
-0.023071289
-0.023712158
-0.023468018
-0.024047852
-0.024383545
-0.02432251
-0.023742676
-0.023498535
-0.022857666
-0.021911621
-0.022216797
-0.021728516
-0.02130127
-0.020965576
-0.020477295
-0.020263672
-0.018585205
-0.017578125
-0.015991211
-0.014465332
-0.013427734
-0.011108398
-0.010559082
-0.009307861
-0.007965088
-0.006958008
-0.0049438477
-0.0039978027
-0.002532959
-0.0014953613
-6.1035156E-5
0.0016784668
0.0032348633
0.0049743652
0.006652832
0.008331299
0.009918213
0.011627197
0.013153076
0.015472412
0.017303467
0.018981934
0.020629883
0.021453857
0.023254395
0.02456665
0.02557373
0.02746582
0.028503418
0.029846191
0.031677246
0.033233643
0.034240723
0.035736084
0.03741455
0.038085938
0.0390625
0.03955078
0.039489746
0.039489746
0.03955078
0.039031982
0.03805542
0.037384033
0.03567505
0.035003662
0.03390503
0.032409668
0.030334473
0.02810669
0.026245117
0.023620605
0.021209717
0.019256592
0.017669678
0.015899658
0.014373779
0.012634277
0.011077881
0.0093688965
0.0078125
0.0059814453
0.004760742
0.0039978027
0.0032348633
0.0017089844
7.6293945E-4
-7.9345703E-4
-0.0024108887
-0.0032348633
-0.005065918
-0.0066833496
-0.008422852
-0.0099487305
-0.011779785
-0.012664795
-0.014190674
-0.015136719
-0.016693115
-0.0184021
-0.019195557
-0.019958496
-0.020965576
-0.0211792
-0.022064209
-0.023040771
-0.022705078
-0.022888184
-0.0234375
-0.022979736
-0.022735596
-0.022888184
-0.022766113
-0.022888184
-0.022766113
-0.022918701
-0.02243042
-0.021453857
-0.021240234
-0.021331787
-0.021270752
-0.020599365
-0.021362305
-0.021209717
-0.02154541
-0.022094727
-0.022338867
-0.023040771
-0.022613525
-0.023529053
-0.022949219
-0.02279663
-0.02355957
-0.023620605
-0.02355957
-0.023651123
-0.023498535
-0.023956299
-0.024383545
-0.024353027
-0.023834229
-0.023468018
-0.023651123
-0.02279663
-0.022857666
-0.022735596
-0.021850586
-0.021057129
-0.020202637
-0.019500732
-0.018096924
-0.016357422
-0.014709473
-0.01373291
-0.012268066
-0.0113220215
-0.009674072
-0.008178711
-0.007232666
-0.005432129
-0.0037841797
-0.0021362305
-4.272461E-4
6.4086914E-4
0.0013427734
0.00289917
0.0046081543
0.0061950684
0.007171631
0.00881958
0.010528564
0.012023926
0.014190674
0.016235352
0.017852783
0.019561768
0.021148682
0.022827148
0.024414062
0.025146484
0.0262146
0.027832031
0.02960205
0.030914307
0.031982422
0.03390503
0.03479004
0.0362854
0.037963867
0.0395813
0.04031372
0.041259766
0.041931152
0.041870117
0.04156494
0.040405273
0.040283203
0.039764404
0.038208008
0.037231445
0.035736084
0.033966064
0.03250122
0.030517578
0.02798462
0.025421143
0.0234375
0.021820068
0.020233154
0.0178833
0.015289307
0.013641357
0.011260986
0.0105896
0.009490967
0.008056641
0.0071411133
0.0050964355
0.004058838
0.002746582
0.0010375977
-6.1035156E-4
-0.0014953613
-0.0023498535
-0.0039978027
-0.0056762695
-0.007385254
-0.009063721
-0.010650635
-0.012390137
-0.013427734
-0.014801025
-0.015899658
-0.01727295
-0.019134521
-0.019836426
-0.02078247
-0.021484375
-0.022399902
-0.023132324
-0.024108887
-0.024353027
-0.024291992
-0.024902344
-0.025177002
-0.024963379
-0.024414062
-0.024108887
-0.023590088
-0.023345947
-0.02267456
-0.022949219
-0.02230835
-0.021972656
-0.022094727
-0.022033691
-0.021392822
-0.022033691
-0.022033691
-0.022216797
-0.022949219
-0.022735596
-0.022888184
-0.022766113
-0.022888184
-0.022766113
-0.022857666
-0.023468018
-0.023712158
-0.02420044
-0.023529053
-0.023620605
-0.023529053
-0.02368164
-0.023101807
-0.02279663
-0.02230835
-0.021972656
-0.021453857
-0.020477295
-0.01977539
-0.018829346
-0.01828003
-0.018157959
-0.016601562
-0.015594482
-0.013763428
-0.012207031
-0.011138916
-0.009124756
-0.0077819824
-0.005859375
-0.004486084
-0.0032958984
-0.0019836426
-9.1552734E-4
8.239746E-4
0.0024108887
0.0040893555
0.0057678223
0.0074768066
0.009063721
0.010772705
0.012268066
0.013183594
0.014984131
0.016448975
0.018554688
0.020874023
0.021728516
0.02319336
0.024841309
0.026489258
0.02810669
0.029937744
0.031341553
0.03237915
0.03390503
0.034454346
0.035858154
0.037078857
0.037719727
0.03918457
0.040924072
0.0418396
0.043518066
0.0440979
0.044189453
0.044006348
0.044281006
0.04360962
0.04348755
0.0423584
0.041137695
0.03970337
0.03805542
0.03704834
0.034820557
0.03286743
0.030761719
0.028717041
0.026550293
0.024597168
0.022399902
0.021026611
0.018615723
0.016723633
0.014465332
0.0134887695
0.011871338
0.0101623535
0.008636475
0.0067749023
0.005706787
0.004272461
0.0031738281
0.0018615723
6.1035156E-5
-7.6293945E-4
-0.0032348633
-0.004638672
-0.005645752
-0.0074768066
-0.009033203
-0.0107421875
-0.012298584
-0.014038086
-0.015075684
-0.015777588
-0.01739502
-0.019104004
-0.019927979
-0.020721436
-0.021575928
-0.022369385
-0.023284912
-0.023651123
-0.02355957
-0.023620605
-0.02355957
-0.023620605
-0.023529053
-0.02279663
-0.022857666
-0.02279663
-0.022857666
-0.022766113
-0.022918701
-0.02230835
-0.021972656
-0.022094727
-0.022033691
-0.022827148
-0.022827148
-0.022827148
-0.022827148
-0.022827148
-0.022827148
-0.022827148
-0.022827148
-0.022766113
-0.023376465
-0.024291992
-0.024291992
-0.02432251
-0.024291992
-0.024383545
-0.024108887
-0.0234375
-0.023742676
-0.023071289
-0.022827148
-0.022247314
-0.021972656
-0.02142334
-0.020507812
-0.020568848
-0.019500732
-0.018951416
-0.017608643
-0.01626587
-0.015197754
-0.013244629
-0.012420654
-0.010345459
-0.008392334
-0.006958008
-0.0059814453
-0.0051879883
-0.0041503906
-0.0024108887
-8.8500977E-4
0.0012207031
0.0033569336
0.004760742
0.0066833496
0.008178711
0.009979248
0.011413574
0.012451172
0.013977051
0.015808105
0.016967773
0.018218994
0.019927979
0.022125244
0.024047852
0.0262146
0.028137207
0.028839111
0.030792236
0.032104492
0.033172607
0.03466797
0.035217285
0.03665161
0.03778076
0.039031982
0.040893555
0.041748047
0.04345703
0.0440979
0.044189453
0.043914795
0.043273926
0.04348755
0.04296875
0.042175293
0.04067993
0.03955078
0.038238525
0.036376953
0.034179688
0.032287598
0.02999878
0.028137207
0.025421143
0.023590088
0.02142334
0.019470215
0.017181396
0.015899658
0.014587402
0.01272583
0.011230469
0.009521484
0.007904053
0.0062561035
0.0043945312
0.003326416
0.0020141602
8.544922E-4
-4.272461E-4
-0.0022583008
-0.003753662
-0.0055236816
-0.007171631
-0.008850098
-0.010498047
-0.0121154785
-0.013763428
-0.0154418945
-0.016571045
-0.017181396
-0.018951416
-0.019744873
-0.020751953
-0.02218628
-0.023132324
-0.02355957
-0.023895264
-0.024383545
-0.02468872
-0.025299072
-0.02432251
-0.024993896
-0.02508545
-0.025115967
-0.024963379
-0.024230957
-0.024383545
-0.02407837
-0.023345947
-0.02420044
-0.023803711
-0.024047852
-0.024414062
-0.024963379
-0.025146484
-0.025115967
-0.025939941
-0.025787354
-0.025878906
-0.025817871
-0.025848389
-0.025848389
-0.025787354
-0.026428223
-0.026611328
-0.027282715
-0.02734375
-0.02734375
-0.027313232
-0.027435303
-0.026977539
-0.026550293
-0.026153564
-0.025756836
-0.02532959
-0.024932861
-0.024475098
-0.023376465
-0.022857666
-0.021575928
-0.020355225
-0.019165039
-0.017822266
-0.016601562
-0.014831543
-0.0132751465
-0.01159668
-0.009307861
-0.008300781
-0.007507324
-0.0056762695
-0.0042419434
-0.0032958984
-0.0011291504
9.460449E-4
0.0024719238
0.004180908
0.005859375
0.0075683594
0.009857178
0.010803223
0.012512207
0.013916016
0.014862061
0.016693115
0.018249512
0.020080566
0.021606445
0.023345947
0.025543213
0.02746582
0.028778076
0.030059814
0.03137207
0.032470703
0.034118652
0.035858154
0.036956787
0.03817749
0.040039062
0.040893555
0.042541504
0.042663574
0.04348755
0.043182373
0.04260254
0.042419434
0.041412354
0.040527344
0.03982544
0.038360596
0.036712646
0.03503418
0.0335083
0.03164673
0.029449463
0.027374268
0.025299072
0.023254395
0.021209717
0.019165039
0.017028809
0.015472412
0.013793945
0.012145996
0.0105896
0.009674072
0.008026123
0.0062561035
0.00491333
0.0038452148
0.0020141602
4.8828125E-4
-0.0012817383
-0.002166748
-0.003692627
-0.0053710938
-0.0071411133
-0.008728027
-0.010467529
-0.011932373
-0.0140686035
-0.015808105
-0.01626587
-0.017974854
-0.018981934
-0.019744873
-0.021331787
-0.022125244
-0.023040771
-0.023590088
-0.023803711
-0.024475098
-0.024139404
-0.024871826
-0.025115967
-0.02508545
-0.02508545
-0.02508545
-0.025054932
-0.025146484
-0.024871826
-0.024230957
-0.024383545
-0.024261475
-0.024383545
-0.024230957
-0.024963379
-0.025115967
-0.025787354
-0.025848389
-0.025939941
-0.026672363
-0.026519775
-0.026611328
-0.026519775
-0.026611328
-0.026550293
-0.02658081
-0.027130127
-0.028167725
-0.028015137
-0.028289795
-0.028686523
-0.028045654
-0.02810669
-0.028167725
-0.027679443
-0.02722168
-0.027435303
-0.02670288
-0.025909424
-0.025054932
-0.023468018
-0.022735596
-0.021636963
-0.02017212
-0.019561768
-0.018218994
-0.016357422
-0.015380859
-0.014038086
-0.011627197
-0.009887695
-0.009124756
-0.008148193
-0.006500244
-0.004699707
-0.0032043457
-0.0010681152
9.765625E-4
0.002532959
0.004180908
0.0059509277
0.0068969727
0.008453369
0.010070801
0.0119018555
0.014190674
0.015899658
0.018707275
0.020690918
0.02230835
0.023925781
0.025634766
0.026550293
0.02810669
0.029907227
0.03149414
0.03314209
0.034820557
0.036376953
0.03817749
0.039215088
0.04058838
0.041748047
0.043182373
0.044158936
0.044067383
0.044158936
0.044006348
0.043029785
0.042419434
0.04095459
0.039794922
0.038482666
0.037353516
0.036010742
0.034240723
0.032592773
0.030181885
0.02835083
0.026000977
0.024353027
0.021453857
0.020111084
0.01889038
0.016998291
0.016021729
0.014587402
0.012786865
0.011352539
0.010437012
0.009796143
0.008544922
0.0072631836
0.0061035156
0.004211426
0.0027160645
0.0010070801
-6.1035156E-4
-0.0015563965
-0.002319336
-0.004119873
-0.005493164
-0.006591797
-0.008300781
-0.0099487305
-0.011566162
-0.013305664
-0.014312744
-0.015075684
-0.015899658
-0.01675415
-0.01751709
-0.018554688
-0.019012451
-0.019317627
-0.019958496
-0.019714355
-0.019897461
-0.019714355
-0.019897461
-0.019714355
-0.019927979
-0.01965332
-0.020111084
-0.02029419
-0.019989014
-0.020690918
-0.020507812
-0.020568848
-0.020996094
-0.022033691
-0.022033691
-0.02279663
-0.02279663
-0.022918701
-0.023864746
-0.024353027
-0.024505615
-0.025665283
-0.025787354
-0.026367188
-0.026611328
-0.02658081
-0.026550293
-0.026641846
-0.02645874
-0.026855469
-0.027130127
-0.026519775
-0.026275635
-0.025726318
-0.025878906
-0.025848389
-0.02520752
-0.025024414
-0.024261475
-0.022705078
-0.02178955
-0.020202637
-0.019622803
-0.018310547
-0.016448975
-0.0154418945
-0.014129639
-0.012390137
-0.010772705
-0.00982666
-0.008300781
-0.0074157715
-0.005584717
-0.004211426
-0.0031738281
-0.001373291
1.5258789E-4
0.0018920898
0.0034179688
0.0058898926
0.007659912
0.010009766
0.011657715
0.0132751465
0.014953613
0.016540527
0.01828003
0.019958496
0.021606445
0.023223877
0.024902344
0.026489258
0.028198242
0.028869629
0.030090332
0.03161621
0.033416748
0.03479004
0.03717041
0.0385437
0.039855957
0.040374756
0.040161133
0.041015625
0.04019165
0.040283203
0.040222168
0.040100098
0.039031982
0.038482666
0.036956787
0.035949707
0.0345459
0.032836914
0.031188965
0.029632568
0.027679443
0.02545166
0.02355957
0.02130127
0.01977539
0.018432617
0.017822266
0.016204834
0.014678955
0.012878418
0.011444092
0.010467529
0.009857178
0.008605957
0.0073547363
0.006134033
0.0046691895
0.004119873
0.0026245117
9.765625E-4
3.0517578E-5
-0.0015258789
-0.0039978027
-0.005432129
-0.006500244
-0.008270264
-0.009613037
-0.010223389
-0.011627197
-0.012786865
-0.013458252
-0.014404297
-0.015106201
-0.015258789
-0.016021729
-0.016937256
-0.017486572
-0.01739502
-0.017456055
-0.01739502
-0.017486572
-0.017333984
-0.018218994
-0.01828003
-0.018371582
-0.018096924
-0.017547607
-0.018432617
-0.01828003
-0.018249512
-0.018707275
-0.019104004
-0.01953125
-0.019927979
-0.020385742
-0.020751953
-0.0211792
-0.021514893
-0.022064209
-0.022277832
-0.023223877
-0.023956299
-0.024871826
-0.025146484
-0.025024414
-0.025756836
-0.025878906
-0.025787354
-0.026000977
-0.026489258
-0.025634766
-0.026031494
-0.02532959
-0.025115967
-0.024536133
-0.024291992
-0.023712158
-0.022827148
-0.022735596
-0.021087646
-0.020446777
-0.019348145
-0.017608643
-0.015930176
-0.014221191
-0.013092041
-0.012359619
-0.011505127
-0.010009766
-0.008331299
-0.007507324
-0.005706787
-0.004119873
-0.0022888184
-0.001159668
3.0517578E-5
0.0018005371
0.0033569336
0.0050354004
0.00680542
0.008392334
0.010131836
0.01159668
0.013580322
0.01574707
0.017486572
0.018737793
0.019897461
0.021728516
0.023223877
0.025604248
0.02734375
0.028900146
0.030792236
0.03213501
0.033172607
0.034698486
0.035247803
0.03665161
0.037902832
0.03793335
0.038635254
0.039489746
0.039520264
0.03942871
0.0385437
0.03778076
0.03692627
0.036193848
0.03488159
0.03363037
0.03253174
0.029968262
0.028289795
0.026428223
0.024230957
0.022399902
0.021026611
0.018798828
0.016998291
0.015930176
0.014526367
0.014038086
0.012390137
0.011474609
0.0099487305
0.009094238
0.008270264
0.007446289
0.0066223145
0.00579834
0.004547119
0.0028076172
0.0012207031
6.1035156E-5
-5.493164E-4
-0.0022583008
-0.0030212402
-0.004852295
-0.006225586
-0.0074157715
-0.00869751
-0.009857178
-0.011230469
-0.011810303
-0.013336182
-0.014373779
-0.015045166
-0.015258789
-0.01586914
-0.016082764
-0.01675415
-0.016662598
-0.016693115
-0.016693115
-0.016693115
-0.016693115
-0.016693115
-0.016693115
-0.016693115
-0.016693115
-0.016662598
-0.016815186
-0.017578125
-0.017242432
-0.017974854
-0.018310547
-0.01876831
-0.01965332
-0.020507812
-0.021240234
-0.021392822
-0.021087646
-0.020721436
-0.021331787
-0.021514893
-0.022491455
-0.023254395
-0.02407837
-0.024932861
-0.025115967
-0.02508545
-0.025817871
-0.025878906
-0.025787354
-0.025909424
-0.025543213
-0.024963379
-0.025177002
-0.024627686
-0.023742676
-0.022949219
-0.022766113
-0.022125244
-0.0211792
-0.02041626
-0.018432617
-0.017211914
-0.015991211
-0.014709473
-0.01361084
-0.011688232
-0.01083374
-0.009338379
-0.0076293945
-0.006866455
-0.00592041
-0.004119873
-0.002532959
-8.544922E-4
7.6293945E-4
0.0024108887
0.0040283203
0.0057678223
0.007446289
0.008361816
0.0099487305
0.011627197
0.013214111
0.015045166
0.01751709
0.018615723
0.019836426
0.021575928
0.023223877
0.024261475
0.024963379
0.02658081
0.027435303
0.029205322
0.030670166
0.03164673
0.0335083
0.034698486
0.03543091
0.036346436
0.036499023
0.037139893
0.036590576
0.03640747
0.036499023
0.035369873
0.035095215
0.034484863
0.03262329
0.031097412
0.029296875
0.027679443
0.026031494
0.024383545
0.022735596
0.021118164
0.01940918
0.018005371
0.016937256
0.015075684
0.013946533
0.013214111
0.01184082
0.010070801
0.009216309
0.008331299
0.007598877
0.0066833496
0.0059814453
0.0046691895
0.0033569336
0.0023498535
3.6621094E-4
-4.5776367E-4
-0.0025634766
-0.0038146973
-0.005126953
-0.0063171387
-0.006866455
-0.008087158
-0.009429932
-0.010284424
-0.010925293
-0.012359619
-0.0134887695
-0.014282227
-0.01449585
-0.014404297
-0.015197754
-0.015106201
-0.015319824
-0.016082764
-0.015594482
-0.015045166
-0.015289307
-0.014678955
-0.014312744
-0.015075684
-0.015197754
-0.014434814
-0.015258789
-0.015045166
-0.015472412
-0.015899658
-0.016296387
-0.016723633
-0.017120361
-0.017486572
-0.018035889
-0.018432617
-0.018218994
-0.019226074
-0.019744873
-0.019958496
-0.020874023
-0.021362305
-0.021514893
-0.022735596
-0.022705078
-0.023529053
-0.022918701
-0.022827148
-0.023529053
-0.02279663
-0.02279663
-0.022888184
-0.02267456
-0.023284912
-0.023223877
-0.022705078
-0.022399902
-0.02130127
-0.020690918
-0.018920898
-0.01727295
-0.015625
-0.015075684
-0.013793945
-0.012512207
-0.011474609
