buf 18 of 46 length=1792
-0.009521484
-0.008636475
-0.0071411133
-0.006164551
-0.004547119
-0.0028686523
-0.0011901855
2.746582E-4
0.001159668
0.0030822754
0.004119873
0.0054626465
0.007232666
0.008880615
0.009887695
0.0113220215
0.013061523
0.01461792
0.016326904
0.017913818
0.01977539
0.020935059
0.022064209
0.023986816
0.024871826
0.02633667
0.028015137
0.028930664
0.03060913
0.032348633
0.033721924
0.0345459
0.035308838
0.036224365
0.03652954
0.036499023
0.036468506
0.03652954
0.035705566
0.03579712
0.03555298
0.03491211
0.033599854
0.032409668
0.03112793
0.029968262
0.028625488
0.026855469
0.02456665
0.022125244
0.020324707
0.018157959
0.017059326
0.015594482
0.014862061
0.014099121
0.012786865
0.0115356445
0.010894775
0.0093688965
0.008361816
0.007659912
0.0066833496
0.0061950684
0.0057373047
0.0040283203
0.0035705566
0.0020751953
9.765625E-4
-2.746582E-4
-0.002105713
-0.0036010742
-0.005340576
-0.006134033
-0.0071411133
-0.0077209473
-0.009033203
-0.010253906
-0.011413574
-0.012817383
-0.012908936
-0.012908936
-0.012878418
-0.013641357
-0.013671875
-0.01373291
-0.014587402
-0.014282227
-0.0146484375
-0.0138549805
-0.014160156
-0.014007568
-0.013519287
-0.013763428
-0.012908936
-0.013702393
-0.013641357
-0.013671875
-0.013793945
-0.014892578
-0.015106201
-0.015594482
-0.015991211
-0.016418457
-0.016845703
-0.016571045
-0.016815186
-0.01739502
-0.018615723
-0.018920898
-0.01940918
-0.01977539
-0.020202637
-0.0206604
-0.020507812
-0.020599365
-0.02053833
-0.020568848
-0.020568848
-0.02053833
-0.020599365
-0.020355225
-0.019622803
-0.019989014
-0.019226074
-0.019134521
-0.017822266
-0.016693115
-0.015289307
-0.013549805
-0.0128479
-0.011962891
-0.011199951
-0.010131836
-0.008270264
-0.0072021484
-0.0058898926
-0.0040283203
-0.0025024414
-8.239746E-4
6.1035156E-5
0.0016479492
0.0024414062
0.0043640137
0.0055236816
0.0068969727
0.008056641
0.0093688965
0.010528564
0.011779785
0.013641357
0.015106201
0.016906738
0.018463135
0.019195557
0.02029419
0.02178955
0.02230835
0.023803711
0.024871826
0.0262146
0.02734375
0.028015137
0.029907227
0.031280518
0.032348633
0.03378296
0.03451538
0.03543091
0.035827637
0.03564453
0.035827637
0.03503418
0.03503418
0.034118652
0.03262329
0.03173828
0.03112793
0.029724121
0.028503418
0.026947021
0.024658203
0.023345947
0.020874023
0.019165039
0.016693115
0.015014648
0.013366699
0.011871338
0.011230469
0.009979248
0.008636475
0.008026123
0.0065612793
0.0053710938
0.0046691895
0.0030212402
0.0022583008
0.0012207031
-2.4414062E-4
-0.0010070801
-0.0018005371
-0.0026855469
-0.0033569336
-0.0048217773
-0.0059814453
-0.0073547363
-0.009124756
-0.010681152
-0.011505127
-0.012359619
-0.013061523
-0.014251709
-0.015625
-0.016296387
-0.017242432
-0.017486572
-0.017333984
-0.01828003
-0.01828003
-0.018371582
-0.018096924
-0.017547607
-0.018554688
-0.017852783
-0.017333984
-0.01751709
-0.01687622
-0.016601562
-0.017364502
-0.017486572
-0.018310547
-0.018310547
-0.018310547
-0.01828003
-0.018493652
-0.019592285
-0.019744873
-0.020324707
-0.020629883
-0.021118164
-0.022094727
-0.022003174
-0.022125244
-0.021972656
-0.022277832
-0.023132324
-0.024017334
-0.024383545
-0.024261475
-0.024383545
-0.02368164
-0.02355957
-0.022857666
-0.022827148
-0.02279663
-0.022857666
-0.022613525
-0.02166748
-0.020904541
-0.020080566
-0.019226074
-0.018463135
-0.016845703
-0.015167236
-0.014312744
-0.012634277
-0.010986328
-0.0095825195
-0.008636475
-0.0066833496
-0.005645752
-0.0042419434
-0.002532959
-0.0015563965
-1.2207031E-4
9.460449E-4
0.002319336
0.0033569336
0.004852295
0.005554199
0.0068359375
0.008605957
0.00970459
0.010925293
0.013397217
0.015075684
0.016784668
0.018371582
0.019317627
0.021026611
0.02267456
0.024047852
0.024597168
0.02609253
0.027191162
0.02798462
0.028137207
0.029632568
0.03060913
0.032287598
0.033721924
0.03451538
0.035095215
0.034942627
0.035003662
0.035003662
0.034454346
0.0335083
0.03274536
0.03186035
0.03024292
0.029632568
0.02822876
0.02709961
0.025482178
0.023345947
0.021362305
0.019226074
0.01776123
0.015899658
0.013702393
0.0119018555
0.010345459
0.008758545
0.008239746
0.006866455
0.0056152344
0.004760742
0.0040283203
0.0025024414
0.0015258789
7.324219E-4
-8.544922E-4
-0.0016174316
-0.0025634766
-0.004425049
-0.0056152344
-0.006958008
-0.008117676
-0.009429932
-0.010620117
-0.011871338
-0.01373291
-0.014434814
-0.01626587
-0.016540527
-0.017059326
-0.017303467
-0.018157959
-0.01965332
-0.020233154
-0.021209717
-0.021331787
-0.021270752
-0.021362305
-0.022064209
-0.022094727
-0.022003174
-0.022155762
-0.021697998
-0.0211792
-0.021392822
-0.020751953
-0.020446777
-0.02130127
-0.021240234
-0.021453857
-0.022033691
-0.022277832
-0.022918701
-0.02279663
-0.022827148
-0.022827148
-0.022827148
-0.02279663
-0.023468018
-0.024383545
-0.025024414
-0.025238037
-0.025787354
-0.024841309
-0.025543213
-0.025512695
-0.024932861
-0.025146484
-0.025024414
-0.025115967
-0.025024414
-0.024353027
-0.02432251
-0.024230957
-0.023284912
-0.022583008
-0.021606445
-0.020996094
-0.019500732
-0.018463135
-0.016998291
-0.01586914
-0.014465332
-0.012664795
-0.011169434
-0.0093688965
-0.008087158
-0.007019043
-0.0051879883
-0.0035705566
-0.0018920898
-2.4414062E-4
7.6293945E-4
0.002166748
0.0039978027
0.0053710938
0.0065612793
0.007904053
0.008972168
0.010772705
0.012298584
0.014007568
0.015625
0.017242432
0.019714355
0.021392822
0.022125244
0.023132324
0.024841309
0.026489258
0.027862549
0.028381348
0.02999878
0.031036377
0.032440186
0.03414917
0.035064697
0.035705566
0.035888672
0.03668213
0.03765869
0.037902832
0.038482666
0.038360596
0.037872314
0.037506104
0.036468506
0.03579712
0.034820557
0.033203125
0.031555176
0.029846191
0.02822876
0.026153564
0.024017334
0.02255249
0.020812988
0.01864624
0.016601562
0.015197754
0.014160156
0.01260376
0.01083374
0.0095825195
0.008728027
0.008026123
0.006591797
0.0054016113
0.004638672
0.0037841797
0.0022277832
0.001373291
-4.272461E-4
-0.0016479492
-0.0030212402
-0.0054626465
-0.0066223145
-0.007293701
-0.0087890625
-0.00982666
-0.011260986
-0.012237549
-0.013824463
-0.015319824
-0.016296387
-0.017852783
-0.01864624
-0.019104004
-0.019348145
-0.020507812
-0.020507812
-0.020629883
-0.020477295
-0.021453857
-0.021026611
-0.020812988
-0.021087646
-0.020568848
-0.02017212
-0.020080566
-0.02078247
-0.02041626
-0.020690918
-0.020446777
-0.021453857
-0.021972656
-0.02230835
-0.02279663
-0.023101807
-0.023712158
-0.023529053
-0.023651123
-0.023529053
-0.024169922
-0.025054932
-0.02508545
-0.025909424
-0.025726318
-0.026123047
-0.026397705
-0.0256958
-0.025939941
-0.025756836
-0.025909424
-0.025787354
-0.025909424
-0.025756836
-0.025146484
-0.024871826
-0.023284912
-0.022613525
-0.021636963
-0.021026611
-0.019622803
-0.018463135
-0.017181396
-0.01461792
-0.013671875
-0.012084961
-0.010437012
-0.0087890625
-0.007171631
-0.0054626465
-0.003753662
-0.0021362305
-4.8828125E-4
0.0011901855
0.002166748
0.0036010742
0.0053710938
0.007019043
0.008758545
0.010314941
0.012054443
0.013519287
0.015411377
0.016357422
0.0178833
0.018920898
0.020385742
0.022064209
0.023803711
0.026062012
0.026824951
0.028808594
0.030029297
0.03112793
0.03302002
0.0340271
0.034820557
0.036254883
0.037322998
0.03869629
0.03970337
0.040283203
0.04147339
0.041534424
0.040893555
0.041015625
0.041046143
0.04046631
0.0395813
0.03878784
0.037963867
0.037078857
0.03540039
0.03375244
0.032165527
0.030181885
0.027435303
0.025543213
0.023986816
0.022277832
0.020721436
0.018981934
0.017364502
0.016448975
0.014709473
0.013305664
0.012634277
0.01171875
0.011016846
0.0095825195
0.008453369
0.0077819824
0.006134033
0.005218506
0.0034484863
0.0020141602
-3.0517578E-5
-0.002166748
-0.0038757324
-0.0049438477
-0.006378174
-0.007507324
-0.008880615
-0.0099487305
-0.010681152
-0.012329102
-0.013122559
-0.014984131
-0.016296387
-0.016998291
-0.018005371
-0.018341064
-0.018798828
-0.019134521
-0.019622803
-0.019927979
-0.019683838
-0.019927979
-0.019622803
-0.020202637
-0.020507812
-0.020996094
-0.02130127
-0.021820068
-0.022155762
-0.022003174
-0.022766113
-0.022888184
-0.02368164
-0.024475098
-0.023956299
-0.023834229
-0.024383545
-0.024627686
-0.025756836
-0.025848389
-0.025848389
-0.026489258
-0.026641846
-0.027374268
-0.027282715
-0.027526855
-0.028259277
-0.027923584
-0.028656006
-0.028411865
-0.028015137
-0.027557373
-0.02722168
-0.02670288
-0.026367188
-0.024902344
-0.024108887
-0.023284912
-0.02255249
-0.021240234
-0.019989014
-0.018859863
-0.01687622
-0.015380859
-0.01361084
-0.012176514
-0.011169434
-0.009521484
-0.007873535
-0.006225586
-0.0044555664
-0.0028686523
-0.0011901855
4.272461E-4
0.002105713
0.0029907227
0.0046081543
0.006286621
0.0071411133
0.008972168
0.010406494
0.012542725
0.01461792
0.016174316
0.0178833
0.020202637
0.022033691
0.023590088
0.025268555
0.026794434
0.02746582
0.028717041
0.03012085
0.031158447
0.033050537
0.034484863
0.036315918
0.03778076
0.038879395
0.03942871
0.04055786
0.040863037
0.041412354
0.04156494
0.040863037
0.041107178
0.040527344
0.03955078
0.03955078
0.038726807
0.03729248
0.036132812
0.03387451
0.031982422
0.029693604
0.028076172
0.026519775
0.02432251
0.022338867
0.02078247
0.019805908
0.018981934
0.01727295
0.016479492
0.014587402
0.013397217
0.012237549
0.01083374
0.010314941
0.008758545
0.0077209473
0.0069885254
0.005279541
0.0036621094
0.0028686523
8.544922E-4
-0.001373291
-0.00289917
-0.0045776367
-0.0062561035
-0.0079956055
-0.0095825195
-0.011291504
-0.012145996
-0.013793945
-0.014434814
-0.015594482
-0.016937256
-0.0178833
-0.01828003
-0.019042969
-0.02053833
-0.020507812
-0.020599365
-0.02053833
-0.020599365
-0.02053833
-0.020629883
-0.021636963
-0.022033691
-0.022369385
-0.022949219
-0.022735596
-0.022888184
-0.022735596
-0.02355957
-0.024261475
-0.024414062
-0.025238037
-0.025970459
-0.0256958
-0.0262146
-0.02658081
-0.026947021
-0.027954102
-0.028625488
-0.029663086
-0.029724121
-0.03048706
-0.030395508
-0.030517578
-0.030334473
-0.03060913
-0.029937744
-0.030151367
-0.030090332
-0.029541016
-0.029846191
-0.028839111
-0.028839111
-0.027954102
-0.027191162
-0.02633667
-0.025360107
-0.0234375
-0.02243042
-0.021118164
-0.01940918
-0.017669678
-0.016021729
-0.014373779
-0.0128479
-0.0119018555
-0.010345459
-0.009552002
-0.0072631836
-0.005218506
-0.003479004
-0.0024719238
-0.0010986328
6.4086914E-4
0.0022583008
0.0046691895
0.006378174
0.008026123
0.009674072
0.011291504
0.012969971
0.014526367
0.016723633
0.018798828
0.02029419
0.022766113
0.02432251
0.025268555
0.026916504
0.028625488
0.030334473
0.031921387
0.03363037
0.035217285
0.036956787
0.037872314
0.039367676
0.04031372
0.041015625
0.04107666
0.042236328
0.042388916
0.041778564
0.04156494
0.04031372
0.04031372
0.039642334
0.03881836
0.037261963
0.035583496
0.033966064
0.032318115
0.030670166
0.029022217
0.027252197
0.025665283
0.024017334
0.022369385
0.021331787
0.019958496
0.018096924
0.016662598
0.015533447
0.014160156
0.013305664
0.012634277
0.011230469
0.010131836
0.008850098
0.007019043
0.006164551
0.004486084
0.0036621094
0.0027770996
9.765625E-4
-4.5776367E-4
-0.0025939941
-0.004699707
-0.006286621
-0.008087158
-0.009033203
-0.010467529
-0.011474609
-0.012237549
-0.014007568
-0.014312744
-0.014923096
-0.016357422
-0.017089844
-0.017456055
-0.017913818
-0.019042969
-0.018951416
-0.019836426
-0.020507812
-0.020599365
-0.01940918
-0.019348145
-0.01977539
-0.020202637
-0.020568848
-0.021057129
-0.021331787
-0.021911621
-0.02279663
-0.02368164
-0.024261475
-0.024536133
-0.025054932
-0.025390625
-0.025848389
-0.026245117
-0.026611328
-0.027038574
-0.028045654
-0.028137207
-0.028717041
-0.029022217
-0.029663086
-0.029876709
-0.02923584
-0.029205322
-0.029418945
-0.028625488
-0.028961182
-0.028747559
-0.028289795
-0.027954102
-0.02746582
-0.027069092
-0.025604248
-0.024841309
-0.023803711
-0.021881104
-0.020874023
-0.019561768
-0.01776123
-0.016082764
-0.015167236
-0.01361084
-0.011962891
-0.010284424
-0.008758545
-0.006713867
-0.0043945312
-0.002960205
-0.0012207031
3.3569336E-4
0.0020751953
0.0036010742
0.0053710938
0.0069885254
0.0087890625
0.010070801
0.011199951
0.012786865
0.014923096
0.016906738
0.019073486
0.021118164
0.023223877
0.02520752
0.026519775
0.027648926
0.029022217
0.030181885
0.03186035
0.0335083
0.03515625
0.0368042
0.03842163
0.04006958
0.041015625
0.041809082
0.04196167
0.04272461
0.042541504
0.04272461
0.04220581
0.041809082
0.041412354
0.04031372
0.039733887
0.038024902
0.03652954
0.03552246
0.033966064
0.032196045
0.030792236
0.028564453
0.026428223
0.024871826
0.023223877
0.021514893
0.020629883
0.01977539
0.018249512
0.017242432
0.016571045
0.015380859
0.014038086
0.013244629
0.012512207
0.011108398
0.010009766
0.008666992
0.0068969727
0.006072998
0.0042419434
0.0027160645
9.460449E-4
-4.8828125E-4
-0.0026855469
-0.0043945312
-0.004852295
-0.006591797
-0.007537842
-0.008361816
-0.009155273
-0.010101318
-0.011627197
-0.012390137
-0.013153076
-0.014343262
-0.015777588
-0.015930176
-0.015899658
-0.01651001
-0.016815186
-0.016571045
-0.01687622
-0.017333984
-0.017700195
-0.018341064
-0.018554688
-0.019195557
-0.01889038
-0.019592285
-0.020385742
-0.021240234
-0.022003174
-0.022918701
-0.02355957
-0.023742676
-0.02444458
-0.024230957
-0.024658203
-0.02557373
-0.026306152
-0.02722168
-0.02734375
-0.028045654
-0.02810669
-0.028167725
-0.028930664
-0.028778076
-0.028900146
-0.028747559
-0.028930664
-0.028320312
-0.028015137
-0.028167725
-0.027404785
-0.027282715
-0.026519775
-0.025634766
-0.024932861
-0.023803711
-0.022155762
-0.020385742
-0.019317627
-0.017944336
-0.016143799
-0.01461792
-0.01361084
-0.012084961
-0.010375977
-0.0087890625
-0.0071105957
-0.005432129
-0.0037231445
-0.002105713
-4.5776367E-4
0.0012207031
0.002166748
0.0036621094
0.0053710938
0.0071105957
0.00869751
0.010467529
0.011871338
0.014099121
0.015716553
0.01675415
0.018737793
0.020263672
0.022003174
0.023590088
0.025268555
0.026855469
0.02859497
0.030273438
0.03189087
0.033569336
0.034851074
0.03540039
0.037017822
0.037902832
0.038757324
0.039489746
0.03955078
0.03942871
0.039642334
0.039093018
0.03878784
0.037963867
0.03656006
0.035980225
0.03503418
0.033599854
0.03186035
0.03112793
0.02923584
0.027740479
0.025604248
0.023498535
0.021942139
0.02029419
0.01864624
0.01751709
0.01675415
0.015167236
0.015136719
0.014221191
0.013519287
0.012359619
0.010955811
0.010314941
0.0093688965
0.008666992
0.007171631
0.005432129
0.003753662
0.0021362305
4.8828125E-4
-0.001159668
-0.0027770996
-0.004425049
-0.005859375
-0.0064697266
-0.0079956055
-0.009002686
-0.010437012
-0.0121154785
-0.013000488
-0.014587402
-0.0152282715
-0.015075684
-0.015472412
-0.015991211
-0.016204834
-0.017364502
-0.017364502
-0.01751709
-0.016662598
-0.016784668
-0.017364502
-0.01751709
-0.017242432
-0.018035889
-0.019226074
-0.019226074
-0.020507812
-0.020477295
-0.021209717
-0.02130127
-0.022064209
-0.022827148
-0.022827148
-0.022918701
-0.023986816
-0.024261475
-0.024749756
-0.025115967
-0.025543213
-0.026489258
-0.02722168
-0.028076172
-0.028930664
-0.029632568
-0.028717041
-0.028900146
-0.028747559
-0.028930664
-0.028411865
-0.02798462
-0.028198242
-0.027435303
-0.026641846
-0.025756836
-0.02508545
-0.024963379
-0.023925781
-0.022155762
-0.020629883
-0.018829346
-0.01776123
-0.016296387
-0.0152282715
-0.014526367
-0.012908936
-0.011993408
-0.009490967
-0.008117676
-0.0059509277
-0.0039978027
-0.003479004
-0.002105713
-3.0517578E-4
5.79834E-4
0.002746582
0.0045166016
0.0053710938
0.007171631
0.008758545
0.010406494
0.0121154785
0.013336182
0.014465332
0.016296387
0.017852783
0.020324707
0.02130127
0.022094727
0.023834229
0.025360107
0.027130127
0.028381348
0.02947998
0.031463623
0.03250122
0.03326416
0.03414917
0.03427124
0.034942627
0.03503418
0.034973145
0.03491211
0.03378296
0.03353882
0.03302002
0.032714844
0.031799316
0.029876709
0.02835083
0.026489258
0.024291992
0.023376465
0.021636963
0.020111084
0.018218994
0.017059326
0.015777588
0.014556885
0.013366699
0.011474609
0.01071167
0.00982666
0.009094238
0.008178711
0.0074157715
0.0065612793
0.0057373047
0.0047912598
0.0040893555
0.0026550293
9.460449E-4
3.0517578E-5
-7.6293945E-4
-0.0025024414
-0.0038757324
-0.00491333
-0.0067443848
-0.008331299
-0.009979248
-0.011688232
-0.012756348
-0.013549805
-0.013702393
-0.014373779
-0.01449585
-0.015319824
-0.016082764
-0.017089844
-0.017181396
-0.016571045
-0.016693115
-0.017150879
-0.01751709
-0.018066406
-0.018463135
-0.018157959
-0.01852417
-0.019012451
-0.019134521
-0.01889038
-0.019470215
-0.019805908
-0.020233154
-0.0211792
-0.021911621
-0.02279663
-0.022827148
-0.02279663
-0.022918701
-0.023834229
-0.024597168
-0.025482178
-0.026275635
-0.02670288
-0.026428223
-0.027282715
-0.027282715
-0.027435303
-0.028015137
-0.028320312
-0.028656006
-0.028076172
-0.027832031
-0.027191162
-0.02746582
-0.026794434
-0.025970459
-0.025177002
-0.024291992
-0.023590088
-0.022644043
-0.021972656
-0.020751953
-0.019470215
-0.018310547
-0.016479492
-0.014923096
-0.013244629
-0.01159668
-0.010681152
-0.009857178
-0.0082092285
-0.0065307617
-0.0047912598
-0.0031433105
-0.0015563965
1.5258789E-4
0.0013427734
0.0019836426
0.0035095215
0.004486084
0.0061035156
0.0078125
0.009429932
0.011077881
0.01272583
0.014373779
0.015991211
0.017700195
0.01940918
0.020996094
0.022705078
0.02355957
0.025238037
0.02670288
0.02758789
0.02822876
0.029541016
0.030883789
0.032043457
0.03338623
0.033966064
0.035003662
0.034942627
0.03427124
0.034118652
0.03338623
0.033569336
0.033172607
0.032440186
0.031066895
0.029907227
0.02859497
0.026733398
0.025238037
0.023529053
0.021911621
0.020263672
0.018554688
0.01687622
0.015167236
0.013946533
0.013183594
0.012420654
0.010925293
0.010559082
0.009979248
0.008270264
0.0075683594
0.006652832
0.0058898926
0.0048828125
0.004211426
0.0028381348
0.0016174316
0.0010070801
-5.79834E-4
-0.0014953613
-0.003112793
-0.004638672
-0.005554199
-0.0074768066
-0.008728027
-0.009521484
-0.010345459
-0.011169434
-0.011993408
-0.012786865
-0.014282227
-0.0152282715
-0.015075684
-0.015350342
-0.015991211
-0.015899658
-0.015930176
-0.015930176
-0.01586914
-0.016448975
-0.016815186
-0.015930176
-0.015991211
-0.016662598
-0.016723633
-0.01663208
-0.01687622
-0.017852783
-0.018463135
-0.018157959
-0.01889038
-0.019042969
-0.019042969
-0.019683838
-0.019958496
-0.020477295
-0.020904541
-0.022247314
-0.021911621
-0.022460938
-0.022949219
-0.022705078
-0.0234375
-0.023620605
-0.023590088
-0.024261475
-0.023529053
-0.023620605
-0.023529053
-0.02368164
-0.02319336
-0.022766113
-0.022460938
-0.021392822
-0.020751953
-0.019805908
-0.019104004
-0.018127441
-0.01638794
-0.014862061
-0.014129639
-0.011749268
-0.010131836
-0.009460449
-0.008636475
-0.0072631836
-0.005432129
-0.0037841797
-0.0014038086
-7.019043E-4
3.6621094E-4
0.001953125
0.00390625
0.006286621
0.0073242188
0.008575439
0.010406494
0.011291504
0.0128479
0.014434814
0.015319824
0.017028809
0.018798828
0.020324707
0.022125244
0.023254395
0.024536133
0.025756836
0.026397705
0.027313232
0.028778076
0.029876709
0.03152466
0.032989502
0.033721924
0.034576416
0.035461426
0.035736084
0.036193848
0.03665161
0.036376953
0.036621094
0.036315918
0.035827637
0.035461426
0.03503418
0.03451538
0.032592773
0.03112793
0.029266357
0.027679443
0.026000977
0.024414062
0.022644043
0.020385742
0.018615723
0.017120361
0.016448975
0.015289307
0.013427734
0.012451172
0.011047363
0.0099487305
0.009246826
0.008361816
0.008392334
0.0073242188
0.00579834
0.005218506
0.0051574707
0.0036010742
0.0025634766
0.0012207031
-4.8828125E-4
-0.002166748
-0.002960205
-0.0039367676
-0.0053710938
-0.0065612793
-0.007873535
-0.009033203
-0.010345459
-0.011505127
-0.012817383
-0.013427734
-0.013793945
-0.014251709
-0.01461792
-0.015075684
-0.015380859
-0.015991211
-0.015930176
-0.015930176
-0.015960693
-0.01586914
-0.01651001
-0.01675415
-0.01727295
-0.016815186
-0.016571045
-0.016906738
-0.017425537
-0.017456055
-0.017303467
-0.017913818
-0.018432617
-0.018218994
-0.01889038
-0.019744873
-0.019836426
-0.020568848
-0.02053833
-0.020721436
-0.021453857
-0.021148682
-0.021759033
-0.022064209
-0.02255249
-0.022918701
-0.022766113
-0.02218628
-0.021942139
-0.02130127
-0.02130127
-0.02130127
-0.021331787
-0.020996094
-0.020080566
-0.019256592
-0.018981934
-0.01852417
-0.01739502
-0.015960693
-0.014129639
-0.012786865
-0.011779785
-0.010040283
-0.008453369
-0.006713867
-0.005584717
-0.004211426
-0.0024719238
-9.1552734E-4
7.9345703E-4
0.002380371
0.004058838
0.005706787
0.007507324
0.00881958
0.009460449
0.010864258
0.011993408
0.013305664
0.014465332
0.015777588
0.017608643
0.018341064
0.020507812
0.02230835
0.0234375
0.024749756
0.025848389
0.027740479
0.028686523
0.029541016
0.031158447
0.031982422
0.03289795
0.034484863
0.035125732
0.0362854
0.03778076
0.037994385
0.037994385
0.037994385
0.03741455
0.037139893
0.036621094
0.036315918
0.035736084
0.034454346
0.033447266
0.032989502
0.031036377
0.029510498
0.027679443
0.026184082
0.024414062
0.02218628
0.02029419
0.018096924
0.016204834
0.014801025
0.01260376
0.010894775
0.010192871
0.009857178
0.009460449
0.0077819824
0.0069274902
0.006072998
0.004333496
0.003692627
0.002532959
0.001159668
1.5258789E-4
-0.0017700195
-0.0027770996
-0.0035705566
-0.0043640137
-0.0059814453
-0.007659912
-0.008422852
-0.009399414
-0.011108398
-0.012573242
-0.013122559
-0.014526367
-0.015655518
-0.016937256
-0.01828003
-0.018249512
-0.019042969
-0.018981934
-0.019165039
-0.019866943
-0.019744873
-0.020050049
-0.021057129
-0.02130127
-0.021362305
-0.020721436
-0.020477295
-0.021270752
-0.02130127
-0.021270752
-0.021453857
-0.02218628
-0.021942139
-0.02243042
-0.022949219
-0.022705078
-0.023406982
-0.02420044
-0.025054932
-0.02508545
-0.02508545
-0.025054932
-0.025115967
-0.025024414
-0.025360107
-0.02633667
-0.026641846
-0.026519775
-0.026611328
-0.026519775
-0.025939941
-0.0256958
-0.025115967
-0.024902344
-0.02407837
-0.023223877
-0.022491455
-0.021453857
-0.021392822
-0.02017212
-0.019073486
-0.017547607
-0.01663208
-0.015686035
-0.013153076
-0.011779785
-0.009887695
-0.008575439
-0.006134033
-0.004638672
-0.0040283203
-0.0025024414
-8.239746E-4
7.6293945E-4
0.0025634766
0.0048828125
0.0066223145
0.007965088
0.008972168
0.010894775
0.011871338
0.013214111
0.014953613
0.016540527
0.018341064
0.019927979
0.021606445
0.023223877
0.024719238
0.025268555
0.02670288
0.027801514
0.029144287
0.03100586
0.03189087
0.032684326
0.033569336
0.035186768
0.035858154
0.036834717
0.03729248
0.037261963
0.037200928
0.037353516
0.036621094
0.036499023
0.0357666
0.035003662
