buf 19 of 46 length=1792
0.034057617
0.03353882
0.033050537
0.03161621
0.030578613
0.02911377
0.02798462
0.026153564
0.024047852
0.022033691
0.019958496
0.017944336
0.015686035
0.013916016
0.01260376
0.011810303
0.011016846
0.0101623535
0.009399414
0.008453369
0.008422852
0.0076293945
0.0061035156
0.0050354004
0.0035095215
0.0026855469
6.713867E-4
-2.746582E-4
-0.0020446777
-0.004211426
-0.005645752
-0.008148193
-0.009857178
-0.011505127
-0.013092041
-0.014801025
-0.016357422
-0.018096924
-0.01953125
-0.020111084
-0.021606445
-0.02267456
-0.023468018
-0.023620605
-0.023590088
-0.024383545
-0.024261475
-0.024383545
-0.024230957
-0.02444458
-0.023864746
-0.023590088
-0.023071289
-0.022735596
-0.022888184
-0.023498535
-0.023620605
-0.02355957
-0.023590088
-0.023590088
-0.02355957
-0.023864746
-0.024871826
-0.025146484
-0.024993896
-0.025756836
-0.025848389
-0.026641846
-0.027313232
-0.027496338
-0.028198242
-0.028045654
-0.028137207
-0.028076172
-0.02810669
-0.02810669
-0.028076172
-0.028137207
-0.028015137
-0.02734375
-0.02722168
-0.02633667
-0.025543213
-0.024719238
-0.023864746
-0.023162842
-0.021697998
-0.020629883
-0.019256592
-0.017364502
-0.01586914
-0.014099121
-0.012573242
-0.010772705
-0.009399414
-0.007080078
-0.0055236816
-0.0043029785
-0.0025024414
-9.460449E-4
7.324219E-4
0.002380371
0.00390625
0.005859375
0.008178711
0.00982666
0.011077881
0.012176514
0.014007568
0.015533447
0.017242432
0.018920898
0.019897461
0.021453857
0.023162842
0.024719238
0.026489258
0.027740479
0.028503418
0.02935791
0.030822754
0.03189087
0.03326416
0.035064697
0.035705566
0.036834717
0.03817749
0.039123535
0.039489746
0.039886475
0.04034424
0.040222168
0.039764404
0.038757324
0.038085938
0.037109375
0.03555298
0.03375244
0.032470703
0.031433105
0.029571533
0.027954102
0.026306152
0.024658203
0.023040771
0.020721436
0.019683838
0.018127441
0.016326904
0.014709473
0.013244629
0.0126953125
0.011260986
0.010101318
0.0093688965
0.008483887
0.0076904297
0.006866455
0.0050964355
0.003540039
0.0028686523
0.0019226074
0.0012512207
-3.0517578E-5
-0.001739502
-0.003326416
-0.0049743652
-0.0067443848
-0.0076293945
-0.009307861
-0.010772705
-0.011627197
-0.012359619
-0.013549805
-0.014923096
-0.015563965
-0.016479492
-0.01727295
-0.017456055
-0.018218994
-0.019073486
-0.019042969
-0.020080566
-0.020568848
-0.020568848
-0.02053833
-0.020599365
-0.02053833
-0.020599365
-0.020507812
-0.021270752
-0.022003174
-0.02218628
-0.022827148
-0.022949219
-0.023925781
-0.024414062
-0.02420044
-0.024810791
-0.025177002
-0.024993896
-0.025787354
-0.025848389
-0.026641846
-0.027374268
-0.027282715
-0.027526855
-0.02835083
-0.027526855
-0.027801514
-0.027709961
-0.027160645
-0.02746582
-0.026519775
-0.025909424
-0.025726318
-0.024902344
-0.02407837
-0.023284912
-0.02243042
-0.021606445
-0.020843506
-0.019470215
-0.017608643
-0.016021729
-0.014373779
-0.01272583
-0.011108398
-0.009460449
-0.0078125
-0.006134033
-0.0043945312
-0.0027770996
-0.001159668
4.8828125E-4
0.0021362305
0.003753662
0.0046081543
0.0064697266
0.007904053
0.010040283
0.01184082
0.012817383
0.014709473
0.015716553
0.016479492
0.018096924
0.01977539
0.022155762
0.023773193
0.025512695
0.026794434
0.027923584
0.029327393
0.030517578
0.03189087
0.03237915
0.034088135
0.034942627
0.03579712
0.03652954
0.037475586
0.038146973
0.03918457
0.03945923
0.03994751
0.039978027
0.03878784
0.03881836
0.037384033
0.036468506
0.03643799
0.034606934
0.033325195
0.03201294
0.029510498
0.028198242
0.025817871
0.024475098
0.023223877
0.021392822
0.019897461
0.018127441
0.016540527
0.01574707
0.014770508
0.012939453
0.011749268
0.010955811
0.0101623535
0.009277344
0.009155273
0.008453369
0.0068359375
0.005126953
0.004425049
0.0032958984
0.0017089844
-6.1035156E-5
-0.001159668
-0.0024719238
-0.0036621094
-0.004852295
-0.007507324
-0.009124756
-0.010803223
-0.011444092
-0.012634277
-0.014007568
-0.014770508
-0.015533447
-0.016815186
-0.018218994
-0.01828003
-0.018951416
-0.019805908
-0.01977539
-0.019897461
-0.0206604
-0.020446777
-0.020904541
-0.021392822
-0.021270752
-0.02130127
-0.02178955
-0.022827148
-0.022766113
-0.023712158
-0.024230957
-0.024536133
-0.02508545
-0.02532959
-0.026184082
-0.02709961
-0.02734375
-0.027862549
-0.028198242
-0.028045654
-0.028137207
-0.028076172
-0.028167725
-0.029174805
-0.029724121
-0.029815674
-0.029205322
-0.028778076
-0.028381348
-0.02798462
-0.028167725
-0.028045654
-0.027313232
-0.026519775
-0.026519775
-0.02545166
-0.024902344
-0.023468018
-0.022338867
-0.021087646
-0.019317627
-0.01763916
-0.015930176
-0.013580322
-0.012023926
-0.011138916
-0.0093688965
-0.0078125
-0.006072998
-0.0043945312
-0.0027160645
-0.0011291504
5.493164E-4
0.0021362305
0.0038146973
0.005432129
0.007293701
0.008605957
0.009643555
0.011383057
0.013000488
0.0146484375
0.01626587
0.018035889
0.019012451
0.020477295
0.022277832
0.023773193
0.025604248
0.026824951
0.027770996
0.028289795
0.030303955
0.03189087
0.032989502
0.034942627
0.03564453
0.036590576
0.037322998
0.038146973
0.03781128
0.03842163
0.03845215
0.037841797
0.03805542
0.037963867
0.03744507
0.036468506
0.0357666
0.03479004
0.033172607
0.03149414
0.029846191
0.028076172
0.026519775
0.024810791
0.023223877
0.021514893
0.019958496
0.018249512
0.01663208
0.01574707
0.015014648
0.013916016
0.012420654
0.0119018555
0.010437012
0.009307861
0.008544922
0.0077209473
0.0068969727
0.006072998
0.004211426
0.0028686523
0.0018005371
1.2207031E-4
-0.0015869141
-0.002746582
-0.0039367676
-0.0058288574
-0.007385254
-0.009094238
-0.009979248
-0.011566162
-0.012268066
-0.013183594
-0.013885498
-0.015167236
-0.016448975
-0.017120361
-0.018096924
-0.018951416
-0.019073486
-0.019042969
-0.019836426
-0.019836426
-0.020904541
-0.02130127
-0.021362305
-0.0211792
-0.021820068
-0.022064209
-0.022613525
-0.023529053
-0.02432251
-0.025054932
-0.02520752
-0.025878906
-0.026031494
-0.026733398
-0.02645874
-0.027008057
-0.027923584
-0.028137207
-0.028656006
-0.029754639
-0.03036499
-0.029693604
-0.029754639
-0.029663086
-0.029968262
-0.030578613
-0.030334473
-0.030578613
-0.029846191
-0.029693604
-0.029724121
-0.028869629
-0.028717041
-0.027069092
-0.026489258
-0.025238037
-0.023956299
-0.022857666
-0.021057129
-0.019439697
-0.018341064
-0.017578125
-0.015899658
-0.014343262
-0.01260376
-0.011077881
-0.009338379
-0.0077819824
-0.006011963
-0.0043640137
-0.0026550293
-0.0011291504
6.1035156E-4
0.0021362305
0.0031738281
0.0045776367
0.005645752
0.0073547363
0.009094238
0.010284424
0.011444092
0.013244629
0.014770508
0.016479492
0.018188477
0.019836426
0.020629883
0.021514893
0.023376465
0.02456665
0.025726318
0.027404785
0.029205322
0.030273438
0.03164673
0.032714844
0.03414917
0.035125732
0.0357666
0.035705566
0.0357666
0.035614014
0.036193848
0.036132812
0.03555298
0.035858154
0.03503418
0.034301758
0.032592773
0.03189087
0.029815674
0.02758789
0.025878906
0.024658203
0.02355957
0.021697998
0.020202637
0.018463135
0.017486572
0.01663208
0.01586914
0.014953613
0.014282227
0.013092041
0.011688232
0.011047363
0.010070801
0.0099487305
0.009338379
0.008422852
0.0076293945
0.0059814453
0.0042419434
0.0026245117
9.1552734E-4
-4.272461E-4
-0.0010681152
-0.002380371
-0.004180908
-0.005126953
-0.0066833496
-0.0076904297
-0.008392334
-0.009307861
-0.010040283
-0.010955811
-0.011688232
-0.01260376
-0.0132751465
-0.014312744
-0.014404297
-0.015045166
-0.01586914
-0.016021729
-0.016662598
-0.016784668
-0.016418457
-0.016082764
-0.01687622
-0.01651001
-0.017181396
-0.018035889
-0.019012451
-0.01965332
-0.019958496
-0.020446777
-0.020812988
-0.021209717
-0.021606445
-0.022064209
-0.022399902
-0.023284912
-0.02420044
-0.024261475
-0.025665283
-0.026550293
-0.026672363
-0.027252197
-0.026489258
-0.026611328
-0.026550293
-0.02658081
-0.02658081
-0.02658081
-0.02658081
-0.02658081
-0.025939941
-0.025726318
-0.025115967
-0.024841309
-0.023132324
-0.022918701
-0.022247314
-0.02029419
-0.01928711
-0.017944336
-0.015411377
-0.014465332
-0.01361084
-0.0121154785
-0.011108398
-0.009674072
-0.008666992
-0.0068969727
-0.005279541
-0.0035095215
-0.001953125
-2.4414062E-4
0.0013427734
0.0030212402
0.0045776367
0.0054016113
0.006439209
0.008239746
0.009521484
0.010528564
0.012817383
0.014831543
0.01574707
0.017181396
0.018371582
0.01977539
0.02078247
0.022369385
0.024139404
0.02545166
0.026153564
0.02734375
0.029296875
0.030273438
0.031097412
0.03189087
0.03277588
0.033477783
0.03451538
0.03479004
0.034332275
0.035247803
0.034454346
0.034240723
0.03375244
0.03277588
0.032714844
0.03125
0.030334473
0.028503418
0.02709961
0.026153564
0.024353027
0.022857666
0.020996094
0.020050049
0.018615723
0.017486572
0.016723633
0.015838623
0.014221191
0.013702393
0.013458252
0.01260376
0.01171875
0.011383057
0.010986328
0.010040283
0.009307861
0.008392334
0.0076293945
0.0067443848
0.0048828125
0.003540039
0.002532959
7.324219E-4
-8.239746E-4
-0.0025024414
-0.0041503906
-0.0051879883
-0.006011963
-0.0068969727
-0.0068969727
-0.0078125
-0.008544922
-0.009521484
-0.009918213
-0.010223389
-0.011169434
-0.011932373
-0.012817383
-0.012908936
-0.01361084
-0.012908936
-0.012969971
-0.013793945
-0.013549805
-0.014007568
-0.014526367
-0.014343262
-0.014923096
-0.015289307
-0.015045166
-0.015960693
-0.01663208
-0.01763916
-0.018249512
-0.018554688
-0.019073486
-0.019256592
-0.020385742
-0.02053833
-0.021087646
-0.021362305
-0.021881104
-0.02218628
-0.022735596
-0.022979736
-0.023651123
-0.023529053
-0.02368164
-0.023162842
-0.02279663
-0.02230835
-0.022521973
-0.022369385
-0.021820068
-0.021514893
-0.020996094
-0.020721436
-0.020050049
-0.018676758
-0.017608643
-0.015594482
-0.014678955
-0.0132751465
-0.011566162
-0.010650635
-0.009918213
-0.008880615
-0.0064697266
-0.0048217773
-0.0031433105
-0.0014953613
-2.1362305E-4
3.9672852E-4
0.0018615723
0.003540039
0.0045166016
0.0052490234
0.006286621
0.007904053
0.009613037
0.011169434
0.012939453
0.014129639
0.014892578
0.015686035
0.017089844
0.018920898
0.019805908
0.02142334
0.023071289
0.024627686
0.025238037
0.026519775
0.027801514
0.028533936
0.029388428
0.030883789
0.031921387
0.03265381
0.033477783
0.033447266
0.033477783
0.033477783
0.033447266
0.03353882
0.033081055
0.032165527
0.031433105
0.029968262
0.028808594
0.028137207
0.026275635
0.024932861
0.022766113
0.020996094
0.019866943
0.018554688
0.017425537
0.015411377
0.01461792
0.013061523
0.012145996
0.011383057
0.010467529
0.009918213
0.009735107
0.008758545
0.008087158
0.006713867
0.005432129
0.0047302246
0.0037841797
0.0030822754
0.002166748
0.0014343262
4.272461E-4
-0.0012817383
-0.0026855469
-0.0032348633
-0.004699707
-0.005859375
-0.007232666
-0.008361816
-0.009063721
-0.009979248
-0.01071167
-0.01159668
-0.012390137
-0.013031006
-0.012756348
-0.013366699
-0.01373291
-0.013641357
-0.013671875
-0.014312744
-0.015197754
-0.015167236
-0.016082764
-0.015625
-0.015380859
-0.016021729
-0.016143799
-0.017333984
-0.017333984
-0.018127441
-0.018951416
-0.019836426
-0.020507812
-0.020690918
-0.02130127
-0.021484375
-0.022247314
-0.021881104
-0.022583008
-0.022857666
-0.022827148
-0.02279663
-0.02355957
-0.023590088
-0.024475098
-0.025024414
-0.02532959
-0.0256958
-0.024871826
-0.025268555
-0.024505615
-0.024291992
-0.02432251
-0.02432251
-0.023590088
-0.022735596
-0.021911621
-0.021087646
-0.020141602
-0.018157959
-0.017028809
-0.015808105
-0.0140686035
-0.012451172
-0.011444092
-0.010681152
-0.009002686
-0.0074768066
-0.006652832
-0.0043945312
-0.0025939941
-0.0016479492
3.0517578E-4
0.0012817383
0.002105713
0.0029296875
0.0037231445
0.0053100586
0.006286621
0.008056641
0.009399414
0.010437012
0.012176514
0.013763428
0.015472412
0.016571045
0.017242432
0.018951416
0.02053833
0.021484375
0.023010254
0.023773193
0.024597168
0.02545166
0.0262146
0.02709961
0.027801514
0.029418945
0.030456543
0.030456543
0.03125
0.031188965
0.03125
0.03100586
0.030273438
0.03060913
0.029968262
0.029205322
0.02758789
0.02670288
0.02508545
0.023651123
0.02243042
0.020355225
0.019348145
0.0178833
0.016784668
0.015014648
0.013397217
0.012268066
0.01159668
0.010650635
0.009918213
0.009033203
0.008270264
0.007385254
0.006652832
0.005706787
0.004852295
0.0039978027
0.0032348633
0.002380371
0.0015869141
7.019043E-4
-7.9345703E-4
-0.001739502
-0.0034484863
-0.0048828125
-0.0055236816
-0.006958008
-0.008148193
-0.008911133
-0.009765625
-0.0105896
-0.011352539
-0.011474609
-0.012268066
-0.013122559
-0.013885498
-0.014801025
-0.0152282715
-0.015075684
-0.015686035
-0.015991211
-0.016448975
-0.016845703
-0.01651001
-0.016937256
-0.017181396
-0.01687622
-0.017486572
-0.017669678
-0.01889038
-0.019012451
-0.019073486
-0.018951416
-0.01977539
-0.01977539
-0.020721436
-0.021240234
-0.02154541
-0.022064209
-0.022369385
-0.022888184
-0.023132324
-0.024261475
-0.024291992
-0.024963379
-0.025146484
-0.025787354
-0.025909424
-0.025756836
-0.025970459
-0.02545166
-0.02508545
-0.024658203
-0.024230957
-0.023895264
-0.02279663
-0.022888184
-0.021942139
-0.02130127
-0.02017212
-0.018798828
-0.017913818
-0.017150879
-0.015808105
-0.01461792
-0.013397217
-0.011566162
-0.010070801
-0.008331299
-0.0075683594
-0.0057373047
-0.0043029785
-0.0032653809
-0.0015258789
3.0517578E-5
0.0017700195
0.0028686523
0.0035705566
0.0050964355
0.006134033
0.0069885254
0.008605957
0.009338379
0.011383057
0.012329102
0.0140686035
0.015777588
0.016815186
0.018310547
0.018798828
0.020599365
0.021209717
0.022369385
0.02368164
0.024810791
0.026184082
0.026947021
0.027709961
0.028717041
0.028717041
0.030181885
0.030517578
0.030456543
0.031188965
0.03036499
0.03048706
0.030456543
0.03024292
0.029144287
0.0284729
0.026977539
0.025939941
0.024536133
0.022766113
0.021270752
0.020355225
0.018585205
0.016906738
0.0152282715
0.013977051
0.013214111
0.012390137
0.011566162
0.0107421875
0.009918213
0.008392334
0.0074768066
0.00680542
0.0057373047
0.0053100586
0.00491333
0.0044555664
0.0041503906
0.0030822754
0.0024719238
8.239746E-4
-0.0
-0.001739502
-0.0031433105
-0.0041503906
-0.005706787
-0.006439209
-0.007385254
-0.0079956055
-0.009521484
-0.010559082
-0.0113220215
-0.012207031
-0.012908936
-0.012939453
-0.013977051
-0.014404297
-0.01473999
-0.015289307
-0.015106201
-0.015197754
-0.015136719
-0.015197754
-0.015167236
-0.015167236
-0.015258789
-0.016052246
-0.015808105
-0.016235352
-0.016815186
-0.016571045
-0.017150879
-0.018096924
-0.018981934
-0.019042969
-0.019805908
-0.019744873
-0.019958496
-0.020629883
-0.020568848
-0.020507812
-0.020965576
-0.021362305
-0.021759033
-0.022216797
-0.021911621
-0.022216797
-0.02267456
-0.022094727
-0.021972656
-0.02218628
-0.02166748
-0.021270752
-0.020904541
-0.02041626
-0.020690918
-0.019836426
-0.019104004
-0.018127441
-0.016571045
-0.015594482
-0.013916016
-0.012207031
-0.010986328
-0.009887695
-0.007965088
-0.0070495605
-0.006225586
-0.0046691895
-0.0036010742
-0.002166748
-3.0517578E-4
0.0010681152
0.0032653809
0.0049438477
0.006134033
0.007537842
0.008056641
0.009674072
0.011291504
0.012207031
0.012969971
0.013824463
0.01473999
0.016571045
0.018005371
0.020355225
0.021911621
0.022521973
0.023498535
0.02420044
0.025115967
0.026641846
0.027435303
0.028442383
0.03012085
0.03060913
0.03201294
0.033294678
0.033477783
0.033996582
0.034362793
0.034088135
0.03363037
0.034088135
0.033447266
0.033477783
0.033325195
0.031921387
0.030761719
0.02947998
0.027557373
0.026733398
0.025177002
0.023590088
0.021850586
0.020324707
0.018463135
0.017181396
0.015991211
0.0146484375
0.013977051
0.013122559
0.01171875
0.010650635
0.0099487305
0.009063721
0.008239746
0.0075683594
0.007507324
0.0064697266
0.0058288574
0.004272461
0.0032348633
0.0018615723
7.6293945E-4
9.1552734E-5
-0.0016174316
-0.0031433105
-0.00390625
-0.0049438477
-0.006866455
-0.008056641
-0.00881958
-0.009735107
-0.0099487305
-0.010437012
-0.011444092
-0.012084961
-0.012329102
-0.013916016
-0.014465332
-0.014434814
-0.014404297
-0.01449585
-0.014312744
-0.015014648
-0.015136719
-0.01586914
-0.015899658
-0.016052246
-0.01663208
-0.016937256
-0.017364502
-0.017852783
-0.018310547
-0.018798828
-0.018585205
-0.018707275
-0.019805908
-0.019805908
-0.02053833
-0.020690918
-0.02130127
-0.021484375
-0.02218628
-0.021942139
-0.022460938
-0.0234375
-0.02355957
-0.02420044
-0.023712158
-0.022766113
-0.022918701
-0.022644043
-0.021972656
-0.022125244
-0.02178955
-0.020751953
-0.020599365
-0.020019531
-0.019744873
-0.019195557
-0.018188477
-0.016662598
-0.015655518
-0.014007568
-0.012359619
-0.0107421875
-0.009124756
-0.007385254
-0.0063476562
-0.00491333
-0.0030822754
-0.002319336
-0.001373291
2.1362305E-4
0.0018920898
0.0035095215
0.0051879883
0.006958008
0.008178711
0.00881958
0.010314941
0.011352539
0.012756348
0.013763428
0.014526367
0.01638794
0.017608643
0.018920898
0.020202637
0.02130127
0.023162842
0.024169922
0.024902344
0.026428223
0.02810669
0.028900146
0.029876709
0.030639648
0.03152466
0.03225708
0.033172607
0.03390503
0.03488159
0.034973145
0.03503418
0.03491211
0.034301758
0.034057617
0.0335083
0.033233643
0.032440186
0.031219482
0.029876709
0.029205322
0.027648926
0.026031494
0.024383545
0.022705078
0.020385742
0.019622803
0.01763916
0.016448975
0.015167236
0.013977051
0.01272583
0.011505127
0.010803223
0.0099487305
0.009124756
0.008422852
0.008270264
0.0074768066
0.006500244
0.006225586
0.005340576
0.00390625
0.0028076172
9.765625E-4
-0.0011901855
-0.002380371
-0.0029907227
-0.003967285
-0.004638672
-0.0057678223
-0.0076293945
-0.008850098
-0.009613037
-0.010437012
-0.011260986
-0.012054443
-0.01361084
-0.014434814
-0.015350342
-0.015899658
-0.016143799
-0.01675415
-0.016937256
-0.017608643
-0.017211914
-0.018188477
-0.01828003
-0.018981934
-0.019744873
-0.019073486
-0.019927979
-0.01965332
-0.020141602
-0.020568848
-0.020935059
-0.021392822
-0.021697998
-0.022827148
-0.023406982
-0.02444458
-0.024932861
-0.02532959
-0.025756836
-0.026184082
-0.026306152
-0.025970459
-0.02722168
-0.027313232
-0.027374268
-0.027282715
-0.027404785
-0.027252197
-0.027435303
-0.02709961
-0.02658081
-0.026275635
-0.025787354
-0.025543213
-0.024475098
-0.023834229
-0.022857666
-0.022155762
-0.020446777
-0.018981934
-0.018005371
-0.016204834
-0.014587402
-0.012969971
-0.011291504
-0.009674072
-0.008026123
-0.006378174
-0.0053100586
-0.004547119
-0.0028076172
-0.001373291
-3.9672852E-4
0.0013122559
0.002960205
0.004272461
0.0048828125
0.0064086914
0.008117676
0.009735107
0.011383057
0.012207031
0.013092041
0.014862061
0.016204834
0.017211914
0.019256592
0.020141602
0.021636963
0.022613525
0.024108887
0.025054932
0.025939941
0.027404785
0.0284729
0.029968262
0.030792236
0.031219482
0.03161621
0.032043457
0.032409668
0.03286743
0.032592773
0.032806396
0.032562256
0.031921387
0.030883789
0.030334473
0.028900146
0.027679443
0.026428223
0.02520752
0.023986816
0.022125244
0.0206604
0.018859863
0.017242432
0.015472412
0.014129639
0.013336182
0.012512207
0.011749268
0.010437012
0.009155273
0.009246826
0.008361816
0.007659912
0.006652832
0.006225586
0.005706787
0.0040893555
0.0034484863
0.0025634766
0.0017700195
9.460449E-4
1.2207031E-4
-0.0013427734
-0.002380371
-0.0046691895
-0.006500244
-0.007873535
-0.008666992
-0.009490967
-0.010345459
-0.011108398
-0.012023926
-0.01272583
-0.013641357
-0.014373779
-0.015289307
-0.015960693
-0.017028809
-0.017333984
-0.017852783
-0.018310547
-0.018707275
-0.019134521
-0.018981934
-0.019042969
-0.019073486
-0.01977539
-0.019927979
-0.020629883
-0.02053833
-0.020721436
-0.021820068
-0.021972656
-0.022613525
-0.022827148
-0.023406982
-0.024291992
-0.024383545
-0.025054932
-0.02520752
-0.026031494
-0.026947021
-0.027313232
-0.027709961
-0.02822876
-0.028015137
-0.028198242
-0.027404785
-0.026611328
-0.026519775
-0.025787354
-0.025909424
-0.025604248
-0.024963379
-0.02520752
-0.024627686
-0.023803711
-0.022949219
-0.02218628
-0.019897461
-0.018218994
-0.016418457
-0.014984131
-0.014007568
-0.012237549
-0.010681152
-0.009033203
-0.007293701
-0.0063171387
-0.0047912598
-0.0030822754
-0.0014343262
1.8310547E-4
0.0018615723
0.0034179688
0.0052490234
0.006500244
0.0077209473
0.008972168
0.010101318
0.012023926
0.012817383
0.014434814
0.0152282715
0.017059326
0.01852417
0.019500732
0.021331787
0.022521973
0.023223877
0.024597168
0.02633667
0.027252197
0.028747559
0.029815674
0.030517578
0.031463623
0.031982422
0.032165527
0.033172607
0.033843994
0.03491211
0.034423828
0.034179688
0.034240723
0.034240723
0.03414917
0.033325195
0.032287598
0.030761719
0.030212402
0.028839111
0.027008057
0.026000977
0.02468872
0.022155762
0.020599365
0.019622803
0.018066406
0.016143799
0.014892578
0.014007568
0.013671875
0.0132751465
0.012329102
0.01159668
0.01071167
0.009918213
0.009094238
0.008239746
0.0074768066
0.006591797
0.0058898926
0.0044555664
0.0032958984
0.0020751953
2.4414062E-4
-6.713867E-4
-0.0014343262
-0.0031433105
-0.0046081543
-0.005584717
-0.0074157715
-0.008850098
-0.009124756
-0.009521484
-0.010467529
-0.011169434
-0.012664795
-0.013671875
-0.014373779
-0.015319824
-0.015899658
-0.016113281
-0.016845703
-0.016540527
-0.017150879
-0.01739502
-0.018035889
-0.0184021
-0.018859863
-0.019165039
-0.019714355
-0.019958496
-0.020721436
-0.021575928
-0.022369385
-0.023254395
-0.023986816
-0.024932861
-0.02508545
-0.0256958
-0.025939941
-0.025787354
-0.026824951
-0.027252197
-0.027618408
-0.02810669
-0.028411865
-0.028961182
-0.028747559
-0.028930664
-0.028198242
-0.028076172
-0.028137207
-0.028045654
-0.027130127
-0.026519775
-0.02645874
-0.02532959
-0.025146484
-0.024627686
-0.023803711
-0.022369385
-0.020690918
-0.019042969
-0.017303467
-0.015625
-0.014221191
-0.013244629
-0.011444092
-0.009887695
-0.008178711
-0.006591797
-0.0048217773
-0.0032043457
-0.0015258789
6.1035156E-5
0.001739502
0.0033569336
0.0050964355
0.0065307617
0.007232666
0.008056641
0.009307861
0.011169434
0.012023926
0.01361084
0.015930176
0.017669678
0.019226074
0.019989014
0.021026611
0.022918701
0.023925781
0.025299072
0.026428223
0.027740479
0.029632568
0.031158447
0.032073975
0.032836914
0.033691406
0.03451538
0.035308838
0.036193848
0.03656006
0.036468506
0.036499023
0.036499023
0.036468506
0.035705566
0.034820557
0.034240723
0.034088135
0.032928467
0.031097412
0.030029297
0.028686523
0.026855469
0.02532959
0.023620605
0.022033691
0.020385742
0.019744873
0.01852417
0.017028809
0.01638794
0.0154418945
0.014709473
0.0138549805
0.013031006
0.0128479
0.012237549
0.012084961
0.011291504
0.010437012
0.009674072
0.008575439
0.0066833496
0.005645752
0.004180908
0.003112793
0.0017089844
-0.0
-0.0016479492
-0.0039978027
-0.0046081543
-0.005645752
-0.006378174
-0.007659912
