buf 2 of 46 length=1792
0.0184021
0.019226074
0.021453857
0.024627686
0.028717041
0.031829834
0.0345459
0.037322998
0.03970337
0.041748047
0.042236328
0.041290283
0.03945923
0.03778076
0.035949707
0.033569336
0.032165527
0.031402588
0.031555176
0.031951904
0.031036377
0.027832031
0.024902344
0.021453857
0.01651001
0.011749268
0.007904053
0.00390625
-7.9345703E-4
-0.004852295
-0.008636475
-0.012084961
-0.015045166
-0.017089844
-0.020568848
-0.024108887
-0.028411865
-0.03338623
-0.038208008
-0.04296875
-0.046325684
-0.04925537
-0.053375244
-0.05709839
-0.060516357
-0.06399536
-0.06665039
-0.0680542
-0.069366455
-0.06976318
-0.069732666
-0.06976318
-0.06970215
-0.06982422
-0.06881714
-0.06668091
-0.06399536
-0.061187744
-0.057647705
-0.053222656
-0.048553467
-0.044433594
-0.04019165
-0.03616333
-0.031341553
-0.027435303
-0.024658203
-0.022399902
-0.021087646
-0.020233154
-0.018157959
-0.016113281
-0.013916016
-0.0121154785
-0.0107421875
-0.009674072
-0.009613037
-0.009063721
-0.009460449
-0.009063721
-0.008056641
-0.0061950684
-0.003753662
-0.0010375977
0.002105713
0.005554199
0.009399414
0.013397217
0.015686035
0.018341064
0.020446777
0.021850586
0.023284912
0.025604248
0.028411865
0.031341553
0.03353882
0.03451538
0.034301758
0.03387451
0.034118652
0.033325195
0.03277588
0.03250122
0.03125
0.030517578
0.028686523
0.026977539
0.027069092
0.026550293
0.026306152
0.026367188
0.026367188
0.02508545
0.025115967
0.024932861
0.024383545
0.02444458
0.024505615
0.024139404
0.023376465
0.022247314
0.020751953
0.019958496
0.01928711
0.017791748
0.016693115
0.016571045
0.016082764
0.016296387
0.01751709
0.01852417
0.019470215
0.021057129
0.02130127
0.022491455
0.024658203
0.027313232
0.030395508
0.033721924
0.036499023
0.039215088
0.042541504
0.04498291
0.045013428
0.045684814
0.04525757
0.04324341
0.04095459
0.037475586
0.03491211
0.034362793
0.035064697
0.034454346
0.03390503
0.032287598
0.0289917
0.025421143
0.02130127
0.016998291
0.012878418
0.008453369
0.0036621094
-3.9672852E-4
-0.004760742
-0.008514404
-0.011993408
-0.015045166
-0.01776123
-0.021240234
-0.024780273
-0.029815674
-0.034606934
-0.039764404
-0.044006348
-0.047821045
-0.051879883
-0.05517578
-0.05886841
-0.06225586
-0.06585693
-0.068573
-0.070007324
-0.070495605
-0.07052612
-0.07046509
-0.07077026
-0.0713501
-0.07034302
-0.068847656
-0.06750488
-0.06552124
-0.06201172
-0.05783081
-0.053619385
-0.05029297
-0.04525757
-0.040222168
-0.035614014
-0.031402588
-0.02798462
-0.025878906
-0.024810791
-0.023162842
-0.021942139
-0.019500732
-0.017059326
-0.015716553
-0.014312744
-0.0128479
-0.011779785
-0.011566162
-0.0121154785
-0.012359619
-0.01159668
-0.010345459
-0.008758545
-0.0066833496
-0.0034484863
-2.746582E-4
0.0028076172
0.006378174
0.0099487305
0.012939453
0.015716553
0.017974854
0.018798828
0.020843506
0.023071289
0.025970459
0.028717041
0.030273438
0.030395508
0.030883789
0.030792236
0.029785156
0.029876709
0.029693604
0.028564453
0.027618408
0.026397705
0.02557373
0.023986816
0.023223877
0.023529053
0.022857666
0.02267456
0.022735596
0.021514893
0.020721436
0.020874023
0.0206604
0.021057129
0.02130127
0.020385742
0.020080566
0.020233154
0.01965332
0.018951416
0.01763916
0.015625
0.014831543
0.014282227
0.014404297
0.0154418945
0.01687622
0.018310547
0.019348145
0.01953125
0.019897461
0.022003174
0.02468872
0.026977539
0.03048706
0.034057617
0.037628174
0.041015625
0.043304443
0.045318604
0.04562378
0.046142578
0.045837402
0.043121338
0.040161133
0.037506104
0.036254883
0.035827637
0.03567505
0.034820557
0.033966064
0.03152466
0.028717041
0.025268555
0.02166748
0.017547607
0.013122559
0.008117676
0.0033874512
1.5258789E-4
-0.0036315918
-0.0067749023
-0.0095825195
-0.012268066
-0.01626587
-0.020019531
-0.024810791
-0.029846191
-0.03390503
-0.03842163
-0.042266846
-0.046173096
-0.05041504
-0.054870605
-0.058044434
-0.061340332
-0.06503296
-0.06665039
-0.06726074
-0.0680542
-0.06854248
-0.068603516
-0.06829834
-0.06781006
-0.067993164
-0.067230225
-0.06460571
-0.062347412
-0.05895996
-0.054718018
-0.050476074
-0.04623413
-0.041809082
-0.03668213
-0.031982422
-0.02810669
-0.024963379
-0.023162842
-0.021820068
-0.019744873
-0.018249512
-0.016174316
-0.014007568
-0.011962891
-0.010620117
-0.009307861
-0.009460449
-0.0099487305
-0.009338379
-0.008605957
-0.008483887
-0.007293701
-0.005065918
-0.0021972656
6.4086914E-4
0.0036010742
0.007446289
0.010467529
0.013427734
0.015808105
0.0178833
0.019470215
0.02078247
0.023040771
0.025878906
0.028625488
0.030639648
0.03173828
0.03213501
0.031982422
0.032165527
0.031585693
0.030914307
0.03012085
0.028930664
0.027954102
0.026855469
0.025665283
0.024871826
0.02456665
0.024230957
0.023834229
0.023590088
0.022613525
0.021575928
0.02166748
0.021606445
0.021636963
0.021575928
0.020599365
0.020629883
0.020812988
0.019927979
0.018920898
0.017303467
0.015960693
0.014434814
0.013824463
0.012939453
0.01260376
0.01449585
0.016326904
0.016418457
0.016815186
0.017547607
0.01864624
0.020690918
0.022888184
0.025024414
0.028045654
0.032348633
0.035614014
0.03842163
0.040008545
0.04196167
0.042907715
0.042266846
0.040618896
0.037750244
0.035491943
0.033447266
0.032165527
0.032409668
0.031982422
0.031555176
0.029693604
0.02670288
0.023406982
0.020263672
0.016967773
0.012542725
0.008361816
0.0039978027
-0.0012207031
-0.0057678223
-0.009277344
-0.012390137
-0.014129639
-0.017333984
-0.020935059
-0.025146484
-0.029510498
-0.034362793
-0.03866577
-0.043060303
-0.047180176
-0.05065918
-0.05432129
-0.057739258
-0.061920166
-0.0657959
-0.06826782
-0.069732666
-0.071136475
-0.071777344
-0.07095337
-0.070495605
-0.07046509
-0.07058716
-0.07019043
-0.06918335
-0.06668091
-0.06378174
-0.060333252
-0.056762695
-0.0524292
-0.0473938
-0.04220581
-0.03656006
-0.03186035
-0.028167725
-0.025787354
-0.024047852
-0.022735596
-0.020721436
-0.019195557
-0.017089844
-0.014862061
-0.012786865
-0.01159668
-0.011138916
-0.011291504
-0.01083374
-0.010528564
-0.010192871
-0.009307861
-0.008087158
-0.00579834
-0.0031433105
-6.1035156E-5
0.0025939941
0.007080078
0.011474609
0.01473999
0.016662598
0.018554688
0.020263672
0.022094727
0.02444458
0.027160645
0.029266357
0.030822754
0.032684326
0.03289795
0.032928467
0.032958984
0.03253174
0.03173828
0.03112793
0.029785156
0.029022217
0.028259277
0.02670288
0.026428223
0.026123047
0.025634766
0.025787354
0.02532959
0.02456665
0.023925781
0.023742676
0.023223877
0.023040771
0.023284912
0.022827148
0.022735596
0.022949219
0.022155762
0.021057129
0.019989014
0.018341064
0.016571045
0.016052246
0.01651001
0.017547607
0.01953125
0.019927979
0.019958496
0.020050049
0.02178955
0.023010254
0.024108887
0.026245117
0.029052734
0.033325195
0.036102295
0.039031982
0.042022705
0.044555664
0.04660034
0.046783447
0.04559326
0.043121338
0.040161133
0.03729248
0.03579712
0.03515625
0.03527832
0.03488159
0.033294678
0.03164673
0.02947998
0.026489258
0.02267456
0.018676758
0.014160156
0.009338379
0.004119873
-7.019043E-4
-0.005065918
-0.008056641
-0.010284424
-0.013763428
-0.016998291
-0.020111084
-0.024383545
-0.028656006
-0.03378296
-0.038085938
-0.041656494
-0.045196533
-0.049041748
-0.05343628
-0.05758667
-0.060638428
-0.06399536
-0.066711426
-0.06814575
-0.06967163
-0.0697937
-0.06964111
-0.06890869
-0.06903076
-0.06881714
-0.06781006
-0.065979004
-0.06335449
-0.060394287
-0.057556152
-0.05343628
-0.04901123
-0.044006348
-0.03817749
-0.033569336
-0.02999878
-0.026519775
-0.02407837
-0.022338867
-0.021453857
-0.020233154
-0.018218994
-0.015930176
-0.013977051
-0.013031006
-0.011749268
-0.011077881
-0.010528564
-0.010803223
-0.010192871
-0.010070801
-0.009033203
-0.007446289
-0.0054626465
-0.0038757324
-8.544922E-4
0.003540039
0.006958008
0.010650635
0.013793945
0.015319824
0.01727295
0.019012451
0.020751953
0.023742676
0.025939941
0.02810669
0.029418945
0.030029297
0.029815674
0.030273438
0.03036499
0.029449463
0.028900146
0.027526855
0.026062012
0.025268555
0.023834229
0.02319336
0.02331543
0.023071289
0.02230835
0.021636963
0.020904541
0.020202637
0.019958496
0.020080566
0.019958496
0.019348145
0.019958496
0.019073486
0.018554688
0.01864624
0.0184021
0.017242432
0.015808105
0.013793945
0.0126953125
0.01272583
0.013977051
0.0154418945
0.016082764
0.016082764
0.017242432
0.018066406
0.018157959
0.019927979
0.022125244
0.024810791
0.0284729
0.031280518
0.034332275
0.03778076
0.04083252
0.04324341
0.044525146
0.044311523
0.042114258
0.040100098
0.037231445
0.035461426
0.034820557
0.033996582
0.03338623
0.032318115
0.031280518
0.029907227
0.026611328
0.024017334
0.020019531
0.016174316
0.011444092
0.00680542
0.0026550293
-0.0018310547
-0.005126953
-0.0074157715
-0.010406494
-0.0134887695
-0.01739502
-0.020355225
-0.024719238
-0.03012085
-0.033813477
-0.03817749
-0.042541504
-0.046051025
-0.049957275
-0.05407715
-0.05783081
-0.06100464
-0.063934326
-0.065979004
-0.06732178
-0.06768799
-0.06750488
-0.06762695
-0.0675354
-0.06762695
-0.067352295
-0.06539917
-0.06335449
-0.0602417
-0.05706787
-0.053741455
-0.049957275
-0.04522705
-0.039276123
-0.034210205
-0.029205322
-0.025115967
-0.02166748
-0.019256592
-0.018463135
-0.016815186
-0.014984131
-0.013153076
-0.01083374
-0.008850098
-0.007904053
-0.0064697266
-0.0051574707
-0.0057373047
-0.005859375
-0.0049743652
-0.0043640137
-0.0030822754
-0.0015869141
3.9672852E-4
0.0032348633
0.0069274902
0.010437012
0.013366699
0.016113281
0.018249512
0.020385742
0.022705078
0.024719238
0.027496338
0.029876709
0.032104492
0.033477783
0.03427124
0.034851074
0.035095215
0.03540039
0.034484863
0.033843994
0.03302002
0.031982422
0.030273438
0.02960205
0.028747559
0.02746582
0.027374268
0.026519775
0.024902344
0.023773193
0.023071289
0.02279663
0.02243042
0.022064209
0.022277832
0.022094727
0.021636963
0.021392822
0.020751953
0.020690918
0.019622803
0.0178833
0.015411377
0.014190674
0.014038086
0.014678955
0.01473999
0.014801025
0.01626587
0.016906738
0.017669678
0.018493652
0.019042969
0.02053833
0.023010254
0.024963379
0.027770996
0.030670166
0.03439331
0.037994385
0.040863037
0.04269409
0.043121338
0.042663574
0.040374756
0.037231445
0.03527832
0.033935547
0.03289795
0.032348633
0.031463623
0.030059814
0.0284729
0.026184082
0.024017334
0.021697998
0.017791748
0.013336182
0.008544922
0.0025939941
-0.0018920898
-0.0049743652
-0.008453369
-0.011444092
-0.014129639
-0.016479492
-0.019958496
-0.025024414
-0.029632568
-0.034606934
-0.03869629
-0.042144775
-0.04663086
-0.05090332
-0.055419922
-0.05960083
-0.062927246
-0.066223145
-0.06945801
-0.070495605
-0.07122803
-0.07141113
-0.07077026
-0.07128906
-0.07141113
-0.071258545
-0.07046509
-0.06863403
-0.0664978
-0.064208984
-0.061798096
-0.057769775
-0.052856445
-0.04763794
-0.042022705
-0.036590576
-0.031829834
-0.028015137
-0.025054932
-0.02368164
-0.02230835
-0.02029419
-0.018585205
-0.016693115
-0.014343262
-0.0128479
-0.011413574
-0.0099487305
-0.009521484
-0.009246826
-0.008514404
-0.007659912
-0.0074768066
-0.006652832
-0.0050354004
-0.0032043457
0.0010070801
0.004852295
0.008972168
0.011962891
0.014587402
0.01586914
0.017608643
0.019958496
0.022064209
0.024841309
0.027374268
0.028778076
0.03036499
0.03164673
0.03164673
0.031585693
0.031707764
0.03137207
0.030761719
0.029510498
0.028503418
0.027252197
0.026855469
0.02645874
0.026123047
0.025634766
0.024719238
0.024230957
0.023010254
0.021972656
0.021148682
0.020812988
0.020904541
0.020874023
0.020324707
0.02017212
0.02029419
0.020141602
0.019317627
0.017425537
0.015808105
0.015197754
0.014404297
0.014129639
0.014770508
0.014831543
0.016815186
0.017578125
0.017608643
0.01852417
0.019134521
0.020050049
0.022125244
0.023773193
0.026031494
0.029174805
0.03262329
0.035858154
0.039245605
0.04309082
0.044799805
0.04537964
0.043640137
0.040863037
0.03881836
0.03640747
0.035217285
0.035247803
0.034576416
0.033172607
0.03237915
0.030670166
0.027618408
0.026000977
0.023773193
0.019073486
0.013824463
0.009124756
0.0048217773
3.6621094E-4
-0.003326416
-0.0063171387
-0.008483887
-0.0107421875
-0.014038086
-0.017913818
-0.022857666
-0.027679443
-0.03152466
-0.035186768
-0.038909912
-0.043151855
-0.047027588
-0.051208496
-0.05508423
-0.059387207
-0.062927246
-0.06515503
-0.06616211
-0.0664978
-0.06637573
-0.06643677
-0.06695557
-0.06713867
-0.06613159
-0.06417847
-0.063323975
-0.061645508
-0.059020996
-0.05609131
-0.05279541
-0.048065186
-0.042236328
-0.036987305
-0.03112793
-0.026855469
-0.024017334
-0.022033691
-0.02029419
-0.018249512
-0.017028809
-0.015014648
-0.01272583
-0.011108398
-0.009094238
-0.008087158
-0.0074768066
-0.0073242188
-0.0066223145
-0.0060424805
-0.006225586
-0.0058288574
-0.004638672
-0.0031738281
-8.239746E-4
0.0035095215
0.007232666
0.0095825195
0.012451172
0.014526367
0.016113281
0.018676758
0.02166748
0.024291992
0.02633667
0.028778076
0.029724121
0.030395508
0.031158447
0.03125
0.031066895
0.030395508
0.03036499
0.02923584
0.027801514
0.026184082
0.02520752
0.024597168
0.023834229
0.023071289
0.021606445
0.020233154
0.01953125
0.018829346
0.017974854
0.017608643
0.017730713
0.01727295
0.016357422
0.016235352
0.016906738
0.017059326
0.016052246
0.014678955
0.012084961
0.010650635
0.009521484
0.008666992
0.008850098
0.009155273
0.010650635
0.0115356445
0.011444092
0.011688232
0.013031006
0.013885498
0.0154418945
0.017211914
0.01953125
0.021697998
0.02432251
0.02798462
0.031585693
0.036010742
0.03881836
0.039642334
0.039123535
0.036712646
0.03451538
0.032562256
0.031188965
0.030029297
0.029907227
0.029968262
0.028045654
0.026489258
0.025787354
0.02319336
0.020324707
0.017028809
0.013336182
0.009338379
0.004760742
3.9672852E-4
-0.0041503906
-0.0074157715
-0.009613037
-0.0119018555
-0.014923096
-0.01876831
-0.022369385
-0.027557373
-0.031951904
-0.035583496
-0.03878784
-0.042236328
-0.046081543
-0.049682617
-0.054138184
-0.05783081
-0.061523438
-0.06414795
-0.065979004
-0.06594849
-0.066589355
-0.06686401
-0.06689453
-0.06616211
-0.06607056
-0.065338135
-0.06390381
-0.062286377
-0.060150146
-0.057373047
-0.053527832
-0.04916382
-0.043762207
-0.038238525
-0.031982422
-0.027526855
-0.023712158
-0.020141602
-0.01727295
-0.01626587
-0.015045166
-0.012664795
-0.010498047
-0.008239746
-0.0060424805
-0.0042419434
-0.003540039
-0.0020751953
-0.0020446777
-0.0011901855
-6.713867E-4
-4.272461E-4
1.8310547E-4
0.0015869141
0.0039367676
0.006958008
0.011077881
0.013946533
0.01638794
0.0184021
0.020935059
0.02355957
0.02609253
0.028930664
0.030761719
0.03201294
0.034179688
0.035308838
0.03656006
0.036865234
0.03753662
0.038269043
0.038116455
0.037078857
0.03475952
0.03387451
0.032714844
0.031463623
0.03152466
0.030303955
0.02935791
0.02935791
0.027160645
0.025726318
0.024169922
0.024017334
0.02331543
0.022033691
0.02142334
0.021514893
0.022491455
0.02255249
0.021942139
0.02041626
0.019744873
0.01776123
0.016021729
0.014129639
0.012786865
0.013397217
0.014556885
0.01574707
0.015625
0.016479492
0.017089844
0.017944336
0.018554688
0.019714355
0.021881104
0.02319336
0.025115967
0.027740479
0.03125
0.035614014
0.039520264
0.041137695
0.041046143
0.04019165
0.03842163
0.03515625
0.03277588
0.031799316
0.031066895
0.030334473
0.029052734
0.028045654
0.026824951
0.025115967
0.02230835
0.019927979
0.016693115
0.011474609
0.0069274902
0.0018005371
-0.0024719238
-0.0061950684
-0.008728027
-0.011474609
-0.014556885
-0.017608643
-0.022155762
-0.026763916
-0.030883789
-0.03488159
-0.03918457
-0.042541504
-0.047027588
-0.050354004
-0.053771973
-0.059051514
-0.063323975
-0.06637573
-0.06906128
-0.070129395
-0.070892334
-0.071624756
-0.072052
-0.071380615
-0.07122803
-0.07070923
-0.0697937
-0.06845093
-0.06689453
-0.06530762
-0.06283569
-0.059448242
-0.054016113
-0.047973633
-0.04257202
-0.036834717
-0.03186035
-0.028320312
-0.025146484
-0.02319336
-0.021392822
-0.019561768
-0.017425537
-0.014587402
-0.012512207
-0.010528564
-0.009765625
-0.008422852
-0.0069274902
-0.006164551
-0.0060424805
-0.0054626465
-0.005432129
-0.0043640137
-0.0026550293
3.9672852E-4
0.0043640137
0.0074768066
0.010498047
0.012908936
0.015014648
0.017364502
0.019439697
0.021972656
0.024780273
0.026977539
0.028930664
0.030303955
0.03189087
0.03277588
0.03353882
0.033599854
0.033569336
0.03274536
0.031219482
0.029663086
0.0284729
0.027770996
0.027374268
0.027557373
0.027008057
0.025634766
0.024719238
0.023406982
0.022460938
0.021911621
0.020874023
0.019561768
0.019195557
0.019561768
0.02041626
0.020568848
0.020599365
0.019989014
0.019256592
0.01763916
0.01461792
0.01260376
0.011566162
0.012268066
0.01361084
0.013702393
0.014678955
0.01586914
0.01574707
0.016540527
0.0178833
0.018829346
0.020202637
0.021850586
0.023132324
0.025634766
0.030029297
0.034118652
0.037200928
0.040924072
0.042053223
0.041900635
0.040283203
0.03741455
0.036193848
0.034362793
0.033416748
0.03225708
0.031097412
0.03060913
0.029174805
0.028198242
0.026885986
0.023742676
0.020843506
0.017547607
0.01272583
0.0074157715
0.0025024414
-0.0017089844
-0.004333496
-0.006958008
-0.010101318
-0.013061523
-0.016845703
-0.020629883
-0.025177002
-0.029571533
-0.03427124
-0.03805542
-0.040893555
-0.044433594
-0.048217773
-0.051940918
-0.05630493
-0.060760498
-0.063690186
-0.06585693
-0.06707764
-0.06777954
-0.068573
-0.06903076
-0.06838989
-0.06829834
-0.06713867
-0.06549072
-0.0640564
-0.06326294
-0.060760498
-0.057891846
-0.054229736
-0.048675537
-0.043548584
-0.038208008
-0.032928467
-0.02822876
-0.024383545
-0.022064209
-0.020477295
-0.018310547
-0.015930176
-0.013977051
-0.012237549
-0.0101623535
-0.008911133
-0.0072631836
-0.00579834
-0.004852295
-0.004180908
-0.004058838
-0.0040893555
-0.0032348633
-0.0025939941
-2.746582E-4
0.0026550293
0.006072998
0.009490967
0.012420654
0.015472412
0.017791748
0.019989014
0.02154541
0.023864746
0.026123047
0.028320312
0.030426025
0.03137207
0.03262329
0.03363037
0.03439331
0.03387451
0.033050537
0.03225708
0.030792236
0.029296875
0.028045654
0.027160645
0.026947021
0.0262146
0.024383545
0.023590088
0.022918701
0.022064209
0.021392822
0.020446777
0.019165039
0.018371582
0.0178833
0.018035889
0.0178833
0.018432617
0.01864624
0.01864624
0.016815186
0.014984131
0.013000488
0.011383057
0.010192871
0.010650635
0.011138916
0.0113220215
0.012329102
0.012878418
0.01373291
0.014373779
0.015991211
0.016479492
0.016815186
0.018310547
0.020233154
0.023712158
0.027496338
0.031158447
0.03503418
0.03778076
0.03878784
0.037384033
0.035888672
0.034301758
0.032104492
0.030670166
0.029418945
0.028717041
0.028015137
0.02670288
0.025726318
0.024505615
0.02279663
0.020111084
0.016815186
0.012084961
0.0068969727
0.0026855469
-0.0022583008
-0.00579834
-0.008758545
-0.011260986
-0.014007568
-0.017181396
-0.020141602
-0.024017334
-0.028442383
-0.033050537
-0.03744507
-0.040802002
-0.044006348
-0.04837036
-0.05239868
-0.056671143
-0.060668945
-0.06359863
-0.06613159
-0.068847656
-0.07006836
-0.06997681
-0.07128906
-0.070617676
-0.06982422
-0.06970215
-0.06820679
-0.06668091
-0.06585693
-0.06500244
-0.061920166
-0.05895996
-0.054504395
-0.048217773
-0.042633057
-0.037017822
-0.03125
-0.027069092
-0.024505615
-0.022338867
-0.020690918
-0.01852417
-0.016052246
-0.013153076
-0.011230469
-0.009796143
-0.008270264
-0.0067443848
-0.005279541
-0.0036315918
-0.0034179688
-0.0034484863
-0.0035095215
-0.0032043457
-8.239746E-4
0.0014343262
0.005004883
0.008361816
0.011444092
0.013916016
0.016723633
0.018676758
0.021270752
0.023864746
0.02658081
0.028930664
0.030914307
0.03237915
0.0340271
0.035064697
0.035827637
0.036132812
0.03604126
0.03540039
0.034576416
0.033081055
0.03164673
0.03112793
0.031341553
0.03060913
0.029388428
0.028381348
0.027038574
0.026611328
0.025665283
0.02444458
0.02267456
0.022338867
0.021881104
0.02178955
0.022155762
0.02255249
0.023010254
0.022918701
0.02243042
0.021057129
0.018798828
0.01663208
0.015777588
0.015350342
0.016204834
0.016998291
0.01739502
0.01727295
0.01776123
0.019165039
0.020690918
0.02154541
0.022216797
0.023132324
0.024536133
0.02645874
0.029754639
0.033996582
0.037963867
0.040283203
0.04220581
0.04248047
0.04119873
0.040222168
0.038116455
0.036621094
0.035186768
0.0335083
0.032318115
0.03164673
0.030578613
0.028778076
0.02810669
0.025970459
0.023010254
0.01977539
0.014556885
0.009124756
0.004333496
5.493164E-4
-0.00289917
-0.0058898926
-0.008758545
-0.012420654
-0.016204834
-0.0206604
-0.02520752
-0.029052734
-0.03353882
-0.037078857
-0.040100098
-0.044799805
-0.04953003
-0.05291748
-0.057403564
-0.0619812
-0.065338135
-0.067474365
-0.06976318
-0.071014404
-0.07208252
-0.073272705
-0.07272339
-0.072021484
-0.07086182
-0.06921387
-0.068237305
-0.0675354
-0.06613159
-0.06298828
-0.059326172
-0.05529785
-0.049560547
-0.043548584
-0.03768921
-0.032958984
-0.028747559
-0.026184082
-0.023895264
-0.022369385
-0.019989014
-0.017974854
-0.016174316
-0.014251709
-0.012329102
-0.010620117
-0.00982666
-0.007904053
-0.007598877
-0.0076293945
-0.0076293945
-0.007019043
-0.005340576
-0.0030822754
-7.6293945E-4
0.0012817383
0.0043640137
0.007843018
0.01083374
0.013366699
0.016082764
0.018707275
0.02142334
0.023925781
0.026000977
0.028564453
0.030212402
0.031036377
0.03286743
0.033447266
0.03378296
0.034362793
0.032226562
0.030700684
0.029846191
0.029296875
0.029144287
0.028289795
0.027618408
0.02670288
0.026489258
0.02609253
0.024719238
0.023284912
0.022247314
0.021697998
0.021514893
0.020843506
0.020843506
0.021057129
0.022064209
0.022247314
0.022399902
0.02130127
0.020263672
0.019073486
0.017333984
0.016082764
0.016082764
0.016967773
0.016571045
0.017425537
0.018554688
0.019592285
0.021270752
0.02279663
0.023132324
0.02368164
0.02456665
0.026123047
0.029449463
0.03326416
0.038208008
0.041900635
0.045043945
0.046875
0.04626465
0.045532227
0.04348755
0.041015625
0.039031982
0.038116455
0.03665161
0.035003662
0.03390503
0.03314209
0.032440186
0.031219482
0.029052734
0.025482178
0.021575928
0.01626587
0.011047363
0.0064086914
0.0022888184
-5.187988E-4
-0.0035705566
-0.0066223145
-0.0095825195
-0.013244629
-0.017669678
-0.022949219
-0.02670288
-0.030029297
-0.034484863
-0.038208008
-0.041992188
