buf 20 of 46 length=1792
-0.008972168
-0.009552002
-0.011108398
-0.0121154785
-0.012878418
-0.013702393
-0.01449585
-0.014343262
-0.014678955
-0.015258789
-0.015075684
-0.01550293
-0.016540527
-0.016662598
-0.01727295
-0.018249512
-0.018341064
-0.019073486
-0.020019531
-0.020568848
-0.020751953
-0.021697998
-0.022460938
-0.023345947
-0.02407837
-0.024963379
-0.025756836
-0.02658081
-0.02658081
-0.027557373
-0.028076172
-0.028320312
-0.028930664
-0.028778076
-0.028869629
-0.028808594
-0.028869629
-0.028778076
-0.029663086
-0.028839111
-0.028869629
-0.028686523
-0.028015137
-0.02798462
-0.026519775
-0.025360107
-0.02456665
-0.023773193
-0.022338867
-0.020599365
-0.01977539
-0.018066406
-0.01651001
-0.015563965
-0.013793945
-0.012237549
-0.010528564
-0.008972168
-0.0072021484
-0.006286621
-0.0046691895
-0.0030212402
-0.0013427734
2.4414062E-4
0.0019836426
0.0032958984
0.004333496
0.00592041
0.006378174
0.008483887
0.010406494
0.011993408
0.012939453
0.01449585
0.016174316
0.017700195
0.018463135
0.01965332
0.021026611
0.022003174
0.024017334
0.024810791
0.026397705
0.027954102
0.0289917
0.03048706
0.03149414
0.031921387
0.03225708
0.03274536
0.032989502
0.034088135
0.034240723
0.034240723
0.033569336
0.032684326
0.032714844
0.03173828
0.03112793
0.029815674
0.028503418
0.027313232
0.026031494
0.024902344
0.022979736
0.022216797
0.02053833
0.019012451
0.018066406
0.01638794
0.015777588
0.014709473
0.01449585
0.013977051
0.013641357
0.013183594
0.012207031
0.011474609
0.011352539
0.010528564
0.00982666
0.008666992
0.007293701
0.006225586
0.004638672
0.004180908
0.0025939941
0.0010375977
-3.0517578E-5
-0.001373291
-0.0025024414
-0.0038452148
-0.0049743652
-0.006500244
-0.007171631
-0.008056641
-0.008850098
-0.009735107
-0.010498047
-0.011352539
-0.0121154785
-0.012268066
-0.012908936
-0.013031006
-0.013977051
-0.014709473
-0.015625
-0.016021729
-0.015838623
-0.016540527
-0.016693115
-0.018127441
-0.019165039
-0.019836426
-0.020843506
-0.021270752
-0.021514893
-0.022521973
-0.022857666
-0.023162842
-0.024291992
-0.024230957
-0.02508545
-0.024993896
-0.02532959
-0.02658081
-0.026794434
-0.027374268
-0.027618408
-0.028259277
-0.02798462
-0.028167725
-0.028015137
-0.028167725
-0.02798462
-0.027404785
-0.027160645
-0.02658081
-0.026397705
-0.025482178
-0.02468872
-0.023834229
-0.023101807
-0.02166748
-0.019958496
-0.018371582
-0.016601562
-0.015808105
-0.013946533
-0.012756348
-0.011352539
-0.008972168
-0.007659912
-0.005645752
-0.0047302246
-0.0032653809
-0.0016174316
9.1552734E-5
0.0016174316
0.0034484863
0.0046691895
0.0058898926
0.0073242188
0.008056641
0.00881958
0.010253906
0.011291504
0.01272583
0.014434814
0.015289307
0.016937256
0.018798828
0.020050049
0.0211792
0.02255249
0.02355957
0.02557373
0.02633667
0.027954102
0.028808594
0.029815674
0.03048706
0.03149414
0.031921387
0.032287598
0.03277588
0.032684326
0.032684326
0.03277588
0.032073975
0.031311035
0.031066895
0.029754639
0.029418945
0.027770996
0.026916504
0.024963379
0.023925781
0.022644043
0.020935059
0.01928711
0.018310547
0.01675415
0.015838623
0.014953613
0.013336182
0.01272583
0.011749268
0.011352539
0.011505127
0.010894775
0.0105896
0.010101318
0.009063721
0.008422852
0.0074157715
0.006866455
0.0055236816
0.004180908
0.0030517578
0.0013427734
-3.0517578E-4
-0.0014038086
-0.002105713
-0.0036621094
-0.0046081543
-0.006286621
-0.007019043
-0.00793457
-0.008575439
-0.009887695
-0.011169434
-0.0119018555
-0.01272583
-0.013580322
-0.013671875
-0.014434814
-0.014373779
-0.01461792
-0.015167236
-0.015411377
-0.015991211
-0.016174316
-0.017303467
-0.017364502
-0.018096924
-0.019012451
-0.019744873
-0.020690918
-0.021240234
-0.021514893
-0.022094727
-0.022247314
-0.023345947
-0.023620605
-0.023529053
-0.02407837
-0.025054932
-0.025054932
-0.025909424
-0.026550293
-0.026733398
-0.027435303
-0.027282715
-0.027374268
-0.027313232
-0.02734375
-0.027374268
-0.026733398
-0.026519775
-0.025878906
-0.024993896
-0.02508545
-0.023895264
-0.023742676
-0.022918701
-0.021575928
-0.020477295
-0.018585205
-0.017608643
-0.016082764
-0.014404297
-0.012878418
-0.011932373
-0.010253906
-0.008605957
-0.0069885254
-0.0052490234
-0.0036315918
-0.0018615723
-9.1552734E-4
5.493164E-4
0.0015258789
0.0030517578
0.004760742
0.0065307617
0.007904053
0.008880615
0.010803223
0.01184082
0.013061523
0.014923096
0.015777588
0.017333984
0.018310547
0.020050049
0.021392822
0.022521973
0.023864746
0.024963379
0.026397705
0.026947021
0.028442383
0.02960205
0.030975342
0.032104492
0.032562256
0.032958984
0.033355713
0.033813477
0.03414917
0.034729004
0.034576416
0.034179688
0.033691406
0.03338623
0.03277588
0.031921387
0.03100586
0.02947998
0.028411865
0.026672363
0.02508545
0.0234375
0.021728516
0.020721436
0.019317627
0.017486572
0.016662598
0.015899658
0.01586914
0.014831543
0.014434814
0.014160156
0.013183594
0.012481689
0.011566162
0.01083374
0.009918213
0.009216309
0.008239746
0.0076293945
0.006378174
0.005004883
0.0038757324
0.002532959
0.0014953613
-4.8828125E-4
-0.0013122559
-0.0028381348
-0.0037841797
-0.005340576
-0.0062561035
-0.0071105957
-0.0078125
-0.009002686
-0.010437012
-0.010986328
-0.012054443
-0.012145996
-0.012786865
-0.013641357
-0.01449585
-0.015167236
-0.015258789
-0.016082764
-0.01574707
-0.016357422
-0.016693115
-0.017089844
-0.018096924
-0.018951416
-0.019714355
-0.0206604
-0.021209717
-0.021514893
-0.022033691
-0.022338867
-0.022827148
-0.02319336
-0.02368164
-0.023956299
-0.025024414
-0.0256958
-0.025970459
-0.027313232
-0.02822876
-0.027954102
-0.028259277
-0.027679443
-0.02734375
-0.02722168
-0.027954102
-0.027557373
-0.027252197
-0.02734375
-0.02658081
-0.026489258
-0.0256958
-0.024627686
-0.02319336
-0.022247314
-0.020263672
-0.019378662
-0.017852783
-0.016143799
-0.014526367
-0.012176514
-0.0113220215
-0.010437012
-0.008605957
-0.0073547363
-0.006286621
-0.004272461
-0.0032958984
-0.0019836426
-2.1362305E-4
0.0013122559
0.0030517578
0.0046081543
0.0064697266
0.007843018
0.008666992
0.009429932
0.010620117
0.012420654
0.013427734
0.014770508
0.016571045
0.018188477
0.019195557
0.0206604
0.021453857
0.02243042
0.024353027
0.025390625
0.02670288
0.027954102
0.02859497
0.02960205
0.030395508
0.031219482
0.032073975
0.03286743
0.033599854
0.033294678
0.033935547
0.03387451
0.03338623
0.03302002
0.032562256
0.032196045
0.031066895
0.029754639
0.028503418
0.027038574
0.025177002
0.024017334
0.022827148
0.021118164
0.019439697
0.0184021
0.017547607
0.016693115
0.01586914
0.015075684
0.014221191
0.013458252
0.012512207
0.012207031
0.011749268
0.0113220215
0.010955811
0.009918213
0.009307861
0.007507324
0.0069885254
0.006591797
0.0049743652
0.004119873
0.002105713
0.0011901855
-6.1035156E-4
-0.0028076172
-0.0036010742
-0.0044555664
-0.006072998
-0.0069885254
-0.007751465
-0.008605957
-0.009429932
-0.010223389
-0.011077881
-0.011810303
-0.013244629
-0.014343262
-0.015075684
-0.015197754
-0.014434814
-0.015258789
-0.015075684
-0.015380859
-0.01626587
-0.017059326
-0.017913818
-0.018859863
-0.019592285
-0.020507812
-0.021209717
-0.02142334
-0.022003174
-0.022216797
-0.023010254
-0.023986816
-0.024291992
-0.02468872
-0.025238037
-0.024932861
-0.025756836
-0.025848389
-0.02658081
-0.027404785
-0.02822876
-0.027832031
-0.027313232
-0.027313232
-0.02746582
-0.026763916
-0.027069092
-0.026916504
-0.025787354
-0.025878906
-0.024993896
-0.025115967
-0.023864746
-0.02255249
-0.021514893
-0.01965332
-0.018554688
-0.017730713
-0.016326904
-0.013946533
-0.012176514
-0.010620117
-0.009765625
-0.007965088
-0.006652832
-0.005584717
-0.003692627
-0.0021972656
-3.9672852E-4
5.79834E-4
0.001953125
0.003692627
0.0045166016
0.0054626465
0.0072021484
0.008850098
0.010314941
0.010864258
0.012268066
0.013397217
0.014709473
0.01586914
0.017150879
0.019134521
0.02053833
0.021514893
0.022125244
0.023376465
0.02468872
0.025482178
0.0262146
0.027618408
0.028808594
0.028778076
0.03036499
0.031280518
0.032043457
0.031799316
0.03112793
0.03125
0.031219482
0.031188965
0.031280518
0.030670166
0.029846191
0.02822876
0.026519775
0.024902344
0.02331543
0.021514893
0.02029419
0.019134521
0.017700195
0.016967773
0.016143799
0.01473999
0.013000488
0.012145996
0.011383057
0.010437012
0.009918213
0.009674072
0.009033203
0.008972168
0.007385254
0.0063476562
0.005432129
0.004638672
0.0037231445
0.0030822754
0.0028381348
0.0011291504
-5.187988E-4
-0.0020751953
-0.0038757324
-0.00491333
-0.0063476562
-0.0075683594
-0.0082092285
-0.009155273
-0.009918213
-0.010803223
-0.012451172
-0.012878418
-0.013153076
-0.014007568
-0.014953613
-0.015136719
-0.015716553
-0.015991211
-0.015899658
-0.016662598
-0.017578125
-0.01828003
-0.018493652
-0.019073486
-0.01928711
-0.020263672
-0.021057129
-0.021331787
-0.021850586
-0.022155762
-0.02267456
-0.022979736
-0.02355957
-0.023620605
-0.02368164
-0.024810791
-0.025024414
-0.025543213
-0.025878906
-0.026306152
-0.027313232
-0.027313232
-0.026611328
-0.026550293
-0.026611328
-0.026519775
-0.026611328
-0.026519775
-0.026672363
-0.026062012
-0.025787354
-0.025878906
-0.025177002
-0.024261475
-0.02355957
-0.022491455
-0.021057129
-0.020111084
-0.018249512
-0.01663208
-0.014984131
-0.013305664
-0.012237549
-0.011566162
-0.009887695
-0.008361816
-0.0064697266
-0.0040893555
-0.0025024414
-8.8500977E-4
8.544922E-4
0.0019836426
0.0031738281
0.0050354004
0.006011963
0.0075683594
0.009246826
0.010803223
0.0115356445
0.01260376
0.014129639
0.0146484375
0.016082764
0.017181396
0.01852417
0.02041626
0.021911621
0.022888184
0.023651123
0.025482178
0.026763916
0.027740479
0.028015137
0.028839111
0.030426025
0.030334473
0.031097412
0.03186035
0.03274536
0.033447266
0.0335083
0.033416748
0.033569336
0.033111572
0.03265381
0.032409668
0.031341553
0.030731201
0.0289917
0.028137207
0.026428223
0.024993896
0.023986816
0.022369385
0.020568848
0.019470215
0.018127441
0.016815186
0.016204834
0.014678955
0.012969971
0.012176514
0.011260986
0.010681152
0.010437012
0.009887695
0.009674072
0.008666992
0.00793457
0.0070495605
0.0063171387
0.0046691895
0.0037231445
0.002960205
0.0011291504
-1.5258789E-4
-0.0012512207
-0.00289917
-0.004638672
-0.005859375
-0.0066833496
-0.0074157715
-0.008972168
-0.009887695
-0.0107421875
-0.012329102
-0.013061523
-0.013916016
-0.014770508
-0.015258789
-0.015106201
-0.0152282715
-0.015045166
-0.016479492
-0.016784668
-0.017364502
-0.017425537
-0.01751709
-0.018585205
-0.01928711
-0.020233154
-0.020629883
-0.020477295
-0.021118164
-0.021331787
-0.021942139
-0.022857666
-0.022827148
-0.023773193
-0.024475098
-0.025421143
-0.025939941
-0.025726318
-0.026306152
-0.026611328
-0.02709961
-0.02746582
-0.027923584
-0.028259277
-0.027862549
-0.027435303
-0.027008057
-0.026611328
-0.026184082
-0.025817871
-0.025360107
-0.024993896
-0.024536133
-0.02420044
-0.022918701
-0.02178955
-0.020355225
-0.019592285
-0.018493652
-0.01663208
-0.015136719
-0.013366699
-0.011810303
-0.010131836
-0.008544922
-0.0068359375
-0.0051574707
-0.0033874512
-0.0020446777
-0.0010375977
7.324219E-4
0.0022888184
0.0039978027
0.005645752
0.007385254
0.008972168
0.010009766
0.011383057
0.012451172
0.013916016
0.0146484375
0.015686035
0.017669678
0.018707275
0.020080566
0.021240234
0.021881104
0.023529053
0.025115967
0.026824951
0.028320312
0.029052734
0.03012085
0.030670166
0.032165527
0.032806396
0.03314209
0.034210205
0.03488159
0.03579712
0.03564453
0.035827637
0.035491943
0.034973145
0.03475952
0.033721924
0.033081055
0.031585693
0.030517578
0.029815674
0.028137207
0.02722168
0.025543213
0.02407837
0.023223877
0.021240234
0.020233154
0.01889038
0.017608643
0.016845703
0.016052246
0.015167236
0.014434814
0.013458252
0.012969971
0.012664795
0.012145996
0.011871338
0.010986328
0.00970459
0.008422852
0.007873535
0.006164551
0.005279541
0.0035095215
0.0021362305
0.0010986328
-5.493164E-4
-0.0022888184
-0.0034179688
-0.0046691895
-0.0060424805
-0.0066833496
-0.0076293945
-0.007598877
-0.008544922
-0.010101318
-0.010803223
-0.01171875
-0.012420654
-0.013702393
-0.015014648
-0.0152282715
-0.014587402
-0.014953613
-0.015289307
-0.01586914
-0.016937256
-0.017364502
-0.017700195
-0.018615723
-0.019500732
-0.019836426
-0.020202637
-0.021209717
-0.021881104
-0.022857666
-0.023498535
-0.023742676
-0.024291992
-0.024505615
-0.02520752
-0.024963379
-0.025512695
-0.025909424
-0.0262146
-0.027374268
-0.027252197
-0.02746582
-0.02709961
-0.026794434
-0.027160645
-0.026519775
-0.026519775
-0.026763916
-0.025604248
-0.024963379
-0.024597168
-0.023590088
-0.022888184
-0.021972656
-0.020263672
-0.018859863
-0.017852783
-0.015991211
-0.014434814
-0.012756348
-0.011108398
-0.009490967
-0.0078125
-0.006225586
-0.0051574707
-0.0036315918
-0.0018310547
-5.493164E-4
5.493164E-4
0.0021972656
0.003967285
0.005004883
0.0064086914
0.0082092285
0.009124756
0.009887695
0.01083374
0.012329102
0.013244629
0.015045166
0.016540527
0.0184021
0.019561768
0.020355225
0.021118164
0.022644043
0.023620605
0.024353027
0.02520752
0.026123047
0.027923584
0.029266357
0.030090332
0.030883789
0.031799316
0.03201294
0.03253174
0.032836914
0.03262329
0.033691406
0.03302002
0.031982422
0.03164673
0.031219482
0.030517578
0.028930664
0.028411865
0.026763916
0.025878906
0.024291992
0.022705078
0.021881104
0.019989014
0.018798828
0.017608643
0.015838623
0.014160156
0.013061523
0.012329102
0.011474609
0.010650635
0.009918213
0.00982666
0.00894165
0.008148193
0.007293701
0.006500244
0.005645752
0.0046691895
0.004547119
0.003326416
0.0014648438
-3.0517578E-5
-0.001739502
-0.0022888184
-0.0035705566
-0.0047912598
-0.0060424805
-0.007446289
-0.008087158
-0.009002686
-0.010345459
-0.012145996
-0.012878418
-0.013824463
-0.01449585
-0.01550293
-0.015899658
-0.01626587
-0.016784668
-0.016998291
-0.018188477
-0.018829346
-0.019836426
-0.019714355
-0.019958496
-0.020507812
-0.02078247
-0.021331787
-0.021514893
-0.022521973
-0.023284912
-0.023712158
-0.023468018
-0.024291992
-0.024291992
-0.025177002
-0.025817871
-0.026000977
-0.026641846
-0.026733398
-0.027862549
-0.028076172
-0.028137207
-0.028015137
-0.028747559
-0.028839111
-0.028869629
-0.028717041
-0.02810669
-0.027923584
-0.027008057
-0.0262146
-0.02545166
-0.024475098
-0.02432251
-0.023742676
-0.022888184
-0.022003174
-0.020507812
-0.01953125
-0.018035889
-0.016967773
-0.015197754
-0.013641357
-0.011932373
-0.010375977
-0.008666992
-0.007080078
-0.005279541
-0.003692627
-0.001953125
-5.187988E-4
0.0016174316
0.0034179688
0.004425049
0.0059509277
0.006591797
0.0074768066
0.008850098
0.009979248
0.011352539
0.013214111
0.014556885
0.0154418945
0.016143799
0.01739502
0.019256592
0.02029419
0.021575928
0.023406982
0.024932861
0.025177002
0.025848389
0.026794434
0.027435303
0.028717041
0.030151367
0.030792236
0.031799316
0.03201294
0.031982422
0.031951904
0.032684326
0.03265381
0.031921387
0.03201294
0.031799316
0.030792236
0.030212402
0.028717041
0.027526855
0.026275635
0.02444458
0.023620605
0.022003174
0.020324707
0.018829346
0.017974854
0.015899658
0.014892578
0.013549805
0.012329102
0.011627197
0.0107421875
0.0099487305
0.009185791
0.009094238
0.008239746
0.007385254
0.006652832
0.0056762695
0.0049438477
0.003540039
0.002380371
0.0016784668
8.239746E-4
-0.0
-0.0015563965
-0.0024414062
-0.004180908
-0.0057678223
-0.007659912
-0.0087890625
-0.00970459
-0.009857178
-0.010986328
-0.012207031
-0.012786865
-0.013763428
-0.01449585
-0.015380859
-0.016143799
-0.017028809
-0.017791748
-0.018859863
-0.019073486
-0.019012451
-0.019622803
-0.019927979
-0.019714355
-0.020812988
-0.021148682
-0.021636963
-0.021942139
-0.022735596
-0.02407837
-0.024841309
-0.02508545
-0.025665283
-0.026519775
-0.026641846
-0.027252197
-0.027526855
-0.028045654
-0.028381348
-0.028839111
-0.029266357
-0.029846191
-0.029663086
-0.029754639
-0.029693604
-0.029724121
-0.029693604
-0.028625488
-0.028137207
-0.027832031
-0.027282715
-0.027069092
-0.026062012
-0.025360107
-0.02444458
-0.023712158
-0.022857666
-0.021240234
-0.01965332
-0.018829346
-0.016693115
-0.014526367
-0.012969971
-0.0113220215
-0.009613037
-0.008575439
-0.007232666
-0.0053710938
-0.0037841797
-0.0028686523
-0.0012207031
3.9672852E-4
0.0020751953
0.0036010742
0.0057678223
0.0079956055
0.00894165
0.009735107
0.011199951
0.012207031
0.012969971
0.0146484375
0.0152282715
0.016448975
0.017822266
0.018951416
0.020812988
0.021820068
0.023162842
0.024963379
0.025787354
0.026641846
0.027374268
0.028442383
0.030029297
0.030700684
0.03164673
0.032348633
0.033294678
0.033477783
0.033477783
0.033447266
0.0335083
0.033416748
0.033569336
0.033233643
0.03253174
0.03125
0.030029297
0.028778076
0.027404785
0.026824951
0.02520752
0.023620605
0.021911621
0.02041626
0.01965332
0.018585205
0.016662598
0.015472412
0.01473999
0.013916016
0.013031006
0.012878418
0.012268066
0.012084961
0.011352539
0.010437012
0.009735107
0.008758545
0.008148193
0.0067443848
0.005493164
0.004699707
0.0038757324
0.0030517578
0.0015258789
6.4086914E-4
-1.8310547E-4
-0.0020751953
-0.0032348633
-0.004486084
-0.0057678223
-0.0070495605
-0.008300781
-0.00894165
-0.009887695
-0.010620117
-0.011505127
-0.012298584
-0.013000488
-0.012817383
-0.013214111
-0.0140686035
-0.014923096
-0.0152282715
-0.015136719
-0.015197754
-0.015136719
-0.016021729
-0.017547607
-0.01852417
-0.019073486
-0.019195557
-0.020324707
-0.020507812
-0.020996094
-0.021942139
-0.022094727
-0.02267456
-0.022979736
-0.023498535
-0.023803711
-0.024291992
-0.024597168
-0.025177002
-0.025024414
-0.025115967
-0.025054932
-0.02508545
-0.025054932
-0.02508545
-0.024291992
-0.024291992
-0.023223877
-0.023071289
-0.023468018
-0.022216797
-0.022125244
-0.02154541
-0.020721436
-0.019256592
-0.018249512
-0.016662598
-0.014831543
-0.013519287
-0.012451172
-0.010803223
-0.009124756
-0.007537842
-0.0057373047
-0.0046691895
-0.0032958984
-0.0015258789
-0.0
0.001739502
0.0032653809
0.0050964355
0.0064697266
0.0072631836
0.007965088
0.009399414
0.010498047
0.01184082
0.012939453
0.014343262
0.016113281
0.016723633
0.01776123
0.018463135
0.019714355
0.021057129
0.02166748
0.023162842
0.024230957
0.025543213
0.027404785
0.028015137
0.029174805
0.03060913
0.031585693
0.031921387
0.03237915
0.032409668
0.0317688
0.03262329
0.032714844
0.032714844
0.032714844
0.032684326
0.03265381
0.03149414
0.030090332
0.02935791
0.028045654
0.026245117
0.025268555
0.023864746
0.022155762
0.02053833
0.01889038
0.017089844
0.015655518
0.014892578
0.014099121
0.013244629
0.012451172
0.01159668
0.01083374
0.0099487305
0.009216309
0.009033203
0.008422852
0.0082092285
0.007537842
0.007537842
0.0059814453
0.0047912598
0.0036010742
0.001739502
8.544922E-4
3.0517578E-5
-0.0015258789
-0.0023498535
-0.003326416
-0.0048828125
-0.005493164
-0.0068969727
-0.008148193
-0.008850098
-0.009765625
-0.010467529
-0.012084961
-0.012878418
-0.012969971
-0.013824463
-0.014556885
-0.014282227
-0.014831543
-0.015136719
-0.015655518
-0.015960693
-0.016479492
-0.016784668
-0.017364502
-0.018371582
-0.018310547
-0.019317627
-0.019958496
-0.021026611
-0.021240234
-0.021759033
-0.022155762
-0.022033691
-0.022064209
-0.022766113
-0.023651123
-0.024353027
-0.024261475
-0.024536133
-0.02520752
-0.024932861
-0.025543213
-0.025909424
-0.025817871
-0.025299072
-0.024261475
-0.024414062
-0.024139404
-0.023651123
-0.02331543
-0.022827148
-0.022277832
-0.020599365
-0.020751953
-0.019439697
-0.0184021
-0.016906738
-0.015106201
-0.013549805
-0.011962891
-0.011291504
-0.0101623535
-0.008453369
-0.0068359375
-0.005126953
-0.0034484863
-0.0018005371
-1.8310547E-4
0.0014648438
0.003112793
0.004699707
0.0053710938
0.0066833496
0.00793457
0.009094238
0.010498047
0.011077881
0.012084961
0.01272583
0.014373779
0.015899658
0.016906738
0.018554688
0.019195557
0.020355225
0.02178955
0.022338867
0.023834229
0.024932861
0.0256958
0.026519775
0.027374268
0.028137207
0.029052734
0.029846191
0.030853271
0.031158447
0.031677246
0.03164673
0.031036377
0.031341553
0.031097412
0.031311035
0.031036377
0.029693604
0.029632568
0.028289795
0.026947021
0.025970459
0.024017334
0.023132324
0.021606445
0.0206604
0.019134521
0.017333984
0.015716553
0.014221191
0.013458252
0.01260376
0.011810303
0.010955811
0.0101623535
0.009338379
0.008514404
0.007659912
0.007598877
0.00680542
0.0061035156
0.0060424805
0.0046691895
0.003326416
0.0026855469
0.001373291
-3.9672852E-4
-0.0014038086
-0.0021362305
-0.003753662
-0.0045776367
-0.006500244
-0.007751465
-0.00894165
-0.010284424
-0.011077881
-0.011444092
-0.01184082
-0.012786865
-0.013549805
-0.014404297
-0.0152282715
-0.015930176
-0.016082764
-0.016784668
-0.016784668
-0.018035889
-0.01828003
-0.01876831
-0.019134521
-0.018951416
-0.019744873
-0.020568848
-0.021331787
-0.021331787
-0.022399902
-0.022827148
-0.023040771
-0.024108887
-0.024291992
-0.024841309
-0.025146484
-0.025665283
-0.025970459
-0.026489258
-0.026733398
-0.027404785
-0.027313232
-0.027374268
-0.027252197
-0.027801514
-0.028167725
-0.02810669
-0.02746582
-0.027282715
-0.026550293
-0.025787354
-0.025756836
-0.024749756
-0.02407837
-0.023162842
-0.022399902
-0.021484375
-0.020812988
-0.01928711
-0.01751709
-0.01586914
-0.014251709
-0.012573242
-0.010986328
-0.009307861
-0.007751465
-0.0058898926
-0.004760742
-0.0035095215
-0.0017089844
-1.5258789E-4
0.0014953613
0.0023498535
0.0040893555
0.0055236816
0.0065612793
0.008422852
0.009552002
0.0107421875
0.012542725
0.013549805
0.014312744
0.01586914
0.016723633
0.01763916
0.019317627
0.019958496
0.021118164
0.022888184
0.024108887
0.024719238
0.026245117
0.027252197
0.028045654
0.028808594
0.028900146
0.029907227
0.030670166
0.03152466
0.032104492
0.031799316
0.032562256
0.032196045
0.031921387
0.031341553
0.03112793
0.030395508
0.02960205
0.028411865
0.027008057
0.026031494
0.024230957
0.022644043
0.020996094
0.019317627
0.018371582
0.01675415
0.01586914
0.015014648
0.014434814
0.014221191
0.013366699
0.012176514
0.01083374
0.010223389
0.009246826
0.009155273
0.009155273
0.008361816
0.007537842
0.006713867
0.0059509277
0.004699707
0.0032653809
0.0026855469
0.0016784668
0.0010681152
-5.493164E-4
-0.0014343262
-0.0030517578
-0.004547119
-0.005584717
-0.007171631
-0.008056641
-0.009979248
-0.011077881
-0.0119018555
-0.0126953125
-0.013519287
-0.014343262
-0.015167236
-0.015136719
-0.015258789
-0.016052246
-0.015808105
-0.01626587
-0.016815186
-0.016571045
-0.017181396
-0.018096924
-0.018981934
-0.019042969
-0.019836426
-0.0206604
-0.021484375
-0.022247314
-0.023223877
-0.02355957
-0.023956299
-0.02444458
-0.024230957
-0.024932861
-0.025817871
-0.026550293
-0.02746582
-0.02810669
-0.028137207
-0.028015137
-0.028259277
-0.027557373
-0.027801514
-0.027709961
-0.027160645
-0.02746582
-0.026489258
