buf 21 of 46 length=1792
-0.025909424
-0.025787354
-0.025787354
-0.024627686
-0.024414062
-0.02368164
-0.021759033
-0.02078247
-0.019470215
-0.01751709
-0.016082764
-0.014953613
-0.013671875
-0.012420654
-0.010101318
-0.008544922
-0.006866455
-0.0051879883
-0.003479004
-0.0018920898
-1.8310547E-4
7.324219E-4
0.0022583008
0.0031433105
0.00491333
0.0064086914
0.007171631
0.007904053
0.009216309
0.010498047
0.011138916
0.012054443
0.013458252
0.015197754
0.015991211
0.017700195
0.018371582
0.019592285
0.020935059
0.021942139
0.023895264
0.024841309
0.025726318
0.026428223
0.027374268
0.028045654
0.029083252
0.029663086
0.02999878
0.030426025
0.030853271
0.030914307
0.03024292
0.03060913
0.029754639
0.028961182
0.028717041
0.02810669
0.026977539
0.02557373
0.024627686
0.022705078
0.02166748
0.020324707
0.019195557
0.01776123
0.01663208
0.015991211
0.015014648
0.014373779
0.013397217
0.01272583
0.01171875
0.011444092
0.011016846
0.010070801
0.009338379
0.008422852
0.008392334
0.008361816
0.0074768066
0.0068359375
0.0068359375
0.0054016113
0.0040283203
0.0033874512
0.0020751953
2.1362305E-4
-6.1035156E-4
-0.0022277832
-0.0037231445
-0.0047302246
-0.0051879883
-0.005706787
-0.0073242188
-0.00793457
-0.008880615
-0.009613037
-0.010528564
-0.010681152
-0.011260986
-0.0115356445
-0.0121154785
-0.012329102
-0.013061523
-0.014038086
-0.014465332
-0.014434814
-0.014373779
-0.014892578
-0.015838623
-0.015960693
-0.016601562
-0.017547607
-0.018371582
-0.019317627
-0.01977539
-0.020050049
-0.020996094
-0.021728516
-0.022644043
-0.022888184
-0.022735596
-0.02355957
-0.023590088
-0.02444458
-0.024139404
-0.02468872
-0.024780273
-0.024536133
-0.02532959
-0.024505615
-0.024261475
-0.024383545
-0.023620605
-0.022857666
-0.022705078
-0.022064209
-0.021911621
-0.020996094
-0.020202637
-0.019439697
-0.018096924
-0.016235352
-0.015319824
-0.0138549805
-0.012145996
-0.010559082
-0.008880615
-0.0072631836
-0.005554199
-0.0038452148
-0.0022277832
-5.79834E-4
0.0010681152
0.0021972656
0.0028381348
0.0045166016
0.0052490234
0.006439209
0.007751465
0.008911133
0.010223389
0.011108398
0.011352539
0.012329102
0.013580322
0.014862061
0.015960693
0.016693115
0.018493652
0.019104004
0.020202637
0.021911621
0.023254395
0.023956299
0.024810791
0.025665283
0.025909424
0.026397705
0.028167725
0.028778076
0.0289917
0.029785156
0.029663086
0.029754639
0.029663086
0.029815674
0.029083252
0.028747559
0.028289795
0.027252197
0.026641846
0.025543213
0.024108887
0.023345947
0.022338867
0.020385742
0.019439697
0.017944336
0.016784668
0.016113281
0.014526367
0.01361084
0.0128479
0.011962891
0.011383057
0.011260986
0.0101623535
0.0099487305
0.009490967
0.008544922
0.0077819824
0.0069274902
0.006164551
0.0061035156
0.005004883
0.003479004
0.0028076172
0.0018615723
0.0011901855
-1.2207031E-4
-0.0019226074
-0.00289917
-0.0036621094
-0.004486084
-0.0053710938
-0.007171631
-0.008636475
-0.0093688965
-0.010284424
-0.010955811
-0.011993408
-0.012145996
-0.0126953125
-0.013580322
-0.014404297
-0.015136719
-0.015258789
-0.015991211
-0.015899658
-0.015930176
-0.016143799
-0.01727295
-0.017333984
-0.018066406
-0.01889038
-0.020446777
-0.021270752
-0.02142334
-0.022033691
-0.022277832
-0.022857666
-0.023101807
-0.023712158
-0.023834229
-0.025054932
-0.024993896
-0.025787354
-0.026489258
-0.025939941
-0.02658081
-0.02658081
-0.026519775
-0.026824951
-0.027557373
-0.026763916
-0.026611328
-0.026000977
-0.025817871
-0.025146484
-0.025054932
-0.024139404
-0.023651123
-0.023162842
-0.02166748
-0.020721436
-0.018859863
-0.017303467
-0.015411377
-0.014556885
-0.013061523
-0.011352539
-0.009857178
-0.008911133
-0.007171631
-0.005584717
-0.003692627
-0.0026245117
-0.0013122559
-1.5258789E-4
0.0011291504
0.0022888184
0.0036010742
0.0047302246
0.006286621
0.007080078
0.008056641
0.009918213
0.011108398
0.011810303
0.013214111
0.014373779
0.014984131
0.01663208
0.017456055
0.018432617
0.019165039
0.020233154
0.021759033
0.022277832
0.023773193
0.024810791
0.0262146
0.027282715
0.028045654
0.028808594
0.028869629
0.028747559
0.029083252
0.029815674
0.029663086
0.029724121
0.029754639
0.029144287
0.028167725
0.02746582
0.026519775
0.025817871
0.024841309
0.023132324
0.021697998
0.020996094
0.02017212
0.019012451
0.017028809
0.016082764
0.0152282715
0.013793945
0.013519287
0.012939453
0.012756348
0.011932373
0.011077881
0.010284424
0.009460449
0.008605957
0.008331299
0.007843018
0.0074768066
0.007080078
0.006591797
0.0051574707
0.004058838
0.0026550293
0.0019226074
0.0010681152
3.0517578E-4
-0.0010375977
-0.0028076172
-0.0043640137
-0.0061950684
-0.0076904297
-0.008575439
-0.009185791
-0.009277344
-0.0105896
-0.011962891
-0.012176514
-0.012573242
-0.013641357
-0.013580322
-0.015167236
-0.015838623
-0.016143799
-0.01651001
-0.016082764
-0.016815186
-0.01687622
-0.018066406
-0.018737793
-0.019683838
-0.020385742
-0.021331787
-0.022003174
-0.023040771
-0.023529053
-0.023834229
-0.024353027
-0.024353027
-0.02420044
-0.024871826
-0.025054932
-0.026245117
-0.02734375
-0.028076172
-0.028808594
-0.028015137
-0.028137207
-0.028076172
-0.02810669
-0.028137207
-0.027709961
-0.026733398
-0.026000977
-0.025756836
-0.025909424
-0.024932861
-0.024353027
-0.024139404
-0.023376465
-0.022247314
-0.020477295
-0.018920898
-0.017181396
-0.01550293
-0.0138549805
-0.012878418
-0.011413574
-0.010406494
-0.0078125
-0.0056152344
-0.0038452148
-0.0025939941
-0.0018310547
-0.0010375977
3.0517578E-4
0.0020751953
0.0029907227
0.0045166016
0.006286621
0.0069274902
0.008087158
0.009460449
0.010528564
0.011993408
0.012481689
0.0140686035
0.015075684
0.015808105
0.016723633
0.018371582
0.019165039
0.020019531
0.02078247
0.021820068
0.023742676
0.024749756
0.026123047
0.027252197
0.02798462
0.028167725
0.028778076
0.028961182
0.029846191
0.029571533
0.030090332
0.030181885
0.029541016
0.029846191
0.02911377
0.027557373
0.027252197
0.026611328
0.025726318
0.024871826
0.023071289
0.021697998
0.021026611
0.019744873
0.018432617
0.017791748
0.016113281
0.015258789
0.014404297
0.014434814
0.013397217
0.012969971
0.01260376
0.012176514
0.011779785
0.011383057
0.010955811
0.010559082
0.010101318
0.009796143
0.009216309
0.0082092285
0.007446289
0.005432129
0.0042419434
0.0029907227
0.0017089844
0.0010375977
1.8310547E-4
-0.0012207031
-0.002319336
-0.003692627
-0.004699707
-0.0053710938
-0.006500244
-0.0068359375
-0.0072021484
-0.008026123
-0.008972168
-0.009094238
-0.010314941
-0.011444092
-0.0121154785
-0.012939453
-0.011993408
-0.012481689
-0.0128479
-0.013244629
-0.014007568
-0.015411377
-0.016021729
-0.01638794
-0.017456055
-0.018188477
-0.019165039
-0.01977539
-0.019927979
-0.020843506
-0.02154541
-0.02255249
-0.02279663
-0.02331543
-0.02368164
-0.023498535
-0.024291992
-0.02508545
-0.025054932
-0.025115967
-0.025024414
-0.025177002
-0.02468872
-0.024261475
-0.023986816
-0.022888184
-0.022857666
-0.022125244
-0.022033691
-0.021209717
-0.020477295
-0.01940918
-0.0178833
-0.017150879
-0.015960693
-0.014099121
-0.013153076
-0.011688232
-0.01071167
-0.009185791
-0.0075683594
-0.0066833496
-0.0048828125
-0.0032348633
-0.0016784668
3.6621094E-4
0.0025939941
0.003540039
0.004333496
0.0051879883
0.006072998
0.0076904297
0.008422852
0.009521484
0.010894775
0.011962891
0.013427734
0.014007568
0.015014648
0.015625
0.017242432
0.018218994
0.019104004
0.01977539
0.020935059
0.022247314
0.023376465
0.024719238
0.025543213
0.025848389
0.02633667
0.026672363
0.026519775
0.027313232
0.028198242
0.028808594
0.028900146
0.028686523
0.029327393
0.02935791
0.028717041
0.0284729
0.027404785
0.026733398
0.025817871
0.02432251
0.023406982
0.021636963
0.02029419
0.019439697
0.01876831
0.017364502
0.016082764
0.015411377
0.01449585
0.014404297
0.013702393
0.01272583
0.012237549
0.011932373
0.011383057
0.011138916
0.010498047
0.010803223
0.010070801
0.009887695
0.009307861
0.007598877
0.006866455
0.00592041
0.0051574707
0.003967285
0.0026245117
0.0018615723
0.0010681152
-2.4414062E-4
-0.0020446777
-0.0029296875
-0.003753662
-0.005340576
-0.006225586
-0.0071105957
-0.007843018
-0.0087890625
-0.009155273
-0.009490967
-0.010528564
-0.010620117
-0.011260986
-0.011474609
-0.0121154785
-0.012207031
-0.012207031
-0.0132751465
-0.013641357
-0.013977051
-0.014892578
-0.015594482
-0.016998291
-0.018249512
-0.01889038
-0.019165039
-0.019714355
-0.019989014
-0.020690918
-0.021697998
-0.022003174
-0.022460938
-0.022918701
-0.022766113
-0.023376465
-0.02432251
-0.024230957
-0.024475098
-0.024932861
-0.02432251
-0.024108887
-0.023468018
-0.023651123
-0.02355957
-0.023651123
-0.023071289
-0.022094727
-0.022094727
-0.021209717
-0.020599365
-0.020324707
-0.01852417
-0.016815186
-0.0152282715
-0.013519287
-0.011962891
-0.010192871
-0.009307861
-0.0077209473
-0.006164551
-0.005065918
-0.0036315918
-0.0025939941
-0.001159668
-2.1362305E-4
0.0017089844
0.002746582
0.0035705566
0.0043640137
0.0051879883
0.0068359375
0.008514404
0.009185791
0.010314941
0.01171875
0.012481689
0.013244629
0.014556885
0.015808105
0.016448975
0.01739502
0.018218994
0.019134521
0.019836426
0.020812988
0.02142334
0.02267456
0.024047852
0.02468872
0.025665283
0.025848389
0.026397705
0.02734375
0.028015137
0.02734375
0.027313232
0.02734375
0.027313232
0.027374268
0.027008057
0.026031494
0.025390625
0.023803711
0.022888184
0.022003174
0.02053833
0.019592285
0.018981934
0.017700195
0.016357422
0.015167236
0.013885498
0.013122559
0.0128479
0.012359619
0.011383057
0.011413574
0.010498047
0.009796143
0.00881958
0.008331299
0.008392334
0.008392334
0.008361816
0.008483887
0.007171631
0.0061035156
0.0045776367
0.0036315918
0.00289917
0.0020141602
0.0012207031
4.272461E-4
-7.019043E-4
-0.0025939941
-0.0035705566
-0.0043945312
-0.0051879883
-0.0068969727
-0.008483887
-0.009246826
-0.0101623535
-0.010864258
-0.011871338
-0.012145996
-0.012573242
-0.013031006
-0.012786865
-0.01361084
-0.014373779
-0.014526367
-0.015167236
-0.015258789
-0.016235352
-0.016906738
-0.018188477
-0.019683838
-0.019744873
-0.020385742
-0.020629883
-0.0211792
-0.02142334
-0.022003174
-0.02218628
-0.023071289
-0.02368164
-0.02368164
-0.02532959
-0.025878906
-0.02633667
-0.026672363
-0.026519775
-0.026611328
-0.026550293
-0.02658081
-0.026550293
-0.026611328
-0.026367188
-0.025299072
-0.025146484
-0.024536133
-0.024291992
-0.023712158
-0.022827148
-0.021972656
-0.02041626
-0.01953125
-0.017700195
-0.016082764
-0.014343262
-0.013122559
-0.012481689
-0.010986328
-0.009979248
-0.008544922
-0.00680542
-0.0060424805
-0.004058838
-0.002746582
-4.5776367E-4
0.001159668
0.0022888184
0.0036621094
0.004180908
0.00592041
0.006866455
0.007598877
0.0077209473
0.009429932
0.009857178
0.010314941
0.012207031
0.013366699
0.014129639
0.014984131
0.015716553
0.01727295
0.018310547
0.019104004
0.019866943
0.020935059
0.022399902
0.023101807
0.023986816
0.024780273
0.025604248
0.026428223
0.02722168
0.027404785
0.027252197
0.02746582
0.027069092
0.026611328
0.026245117
0.025817871
0.025482178
0.024597168
0.023223877
0.022094727
0.021392822
0.02053833
0.019714355
0.018920898
0.018035889
0.017211914
0.016021729
0.0146484375
0.014007568
0.013061523
0.012359619
0.011444092
0.01071167
0.009796143
0.009155273
0.009124756
0.009063721
0.0078125
0.008087158
0.0079956055
0.007598877
0.0066223145
0.005218506
0.0046691895
0.0035705566
0.0021972656
0.0012817383
5.493164E-4
-3.3569336E-4
-0.0010986328
-0.001953125
-0.0027770996
-0.003540039
-0.005004883
-0.006134033
-0.007598877
-0.009338379
-0.009979248
-0.010986328
-0.011383057
-0.011688232
-0.01260376
-0.013427734
-0.013763428
-0.013580322
-0.014404297
-0.014434814
-0.015289307
-0.015930176
-0.016082764
-0.016967773
-0.017822266
-0.018707275
-0.01953125
-0.019897461
-0.019714355
-0.020446777
-0.021270752
-0.02130127
-0.022216797
-0.022949219
-0.023925781
-0.024291992
-0.024658203
-0.025238037
-0.024932861
-0.0256958
-0.025878906
-0.025817871
-0.025115967
-0.025848389
-0.024780273
-0.024383545
-0.024017334
-0.023590088
-0.02319336
-0.022735596
-0.022369385
-0.021911621
-0.021514893
-0.019683838
-0.019104004
-0.017913818
-0.01651001
-0.0154418945
-0.01373291
-0.012084961
-0.010498047
-0.0087890625
-0.007232666
-0.0054016113
-0.004547119
-0.0036010742
-0.002166748
-0.001159668
3.6621094E-4
0.0010070801
0.002166748
0.004058838
0.0049743652
0.0065612793
0.007537842
0.009063721
0.0099487305
0.010772705
0.011474609
0.0126953125
0.013763428
0.013916016
0.014862061
0.016113281
0.017364502
0.018066406
0.019073486
0.019744873
0.020751953
0.022338867
0.023895264
0.024505615
0.025543213
0.025817871
0.0262146
0.027191162
0.02734375
0.027954102
0.028198242
0.02798462
0.02822876
0.027801514
0.027404785
0.026794434
0.025299072
0.02468872
0.023742676
0.023040771
0.022125244
0.020690918
0.01965332
0.018218994
0.017120361
0.015411377
0.014038086
0.013366699
0.012359619
0.012207031
0.011627197
0.011352539
0.010803223
0.010528564
0.0099487305
0.009796143
0.008880615
0.008361816
0.008178711
0.0071411133
0.006500244
0.005432129
0.0047302246
0.003753662
0.003112793
0.0020446777
7.019043E-4
-3.9672852E-4
-0.0018005371
-0.0025939941
-0.0033569336
-0.0046081543
-0.006500244
-0.007537842
-0.008239746
-0.009185791
-0.009857178
-0.010070801
-0.010650635
-0.01083374
-0.011749268
-0.012542725
-0.013336182
-0.014251709
-0.014434814
-0.014984131
-0.015258789
-0.015106201
-0.016143799
-0.016601562
-0.017059326
-0.01876831
-0.019012451
-0.019348145
-0.02041626
-0.02053833
-0.021148682
-0.021331787
-0.02130127
-0.022125244
-0.022979736
-0.023773193
-0.024597168
-0.025390625
-0.026062012
-0.02520752
-0.025634766
-0.025360107
-0.024932861
-0.025848389
-0.025054932
-0.025115967
-0.025054932
-0.024963379
-0.023864746
-0.023620605
-0.023223877
-0.022247314
-0.02154541
-0.019989014
-0.019042969
-0.017425537
-0.016601562
-0.015686035
-0.013916016
-0.012542725
-0.011688232
-0.009216309
-0.007843018
-0.0066223145
-0.0047302246
-0.0031433105
-0.0014953613
-6.4086914E-4
0.0010375977
0.0026855469
0.004272461
0.006072998
0.007385254
0.008056641
0.008972168
0.009735107
0.0105896
0.011383057
0.012298584
0.0138549805
0.014556885
0.015472412
0.016174316
0.017456055
0.01928711
0.020385742
0.021087646
0.021972656
0.0234375
0.024475098
0.025878906
0.026824951
0.027313232
0.027618408
0.028167725
0.02835083
0.029510498
0.03024292
0.030578613
0.030334473
0.03060913
0.030212402
0.029937744
0.030273438
0.029510498
0.028045654
0.027282715
0.026611328
0.02456665
0.023773193
0.022247314
0.020568848
0.018981934
0.018127441
0.017364502
0.017333984
0.016021729
0.01461792
0.014465332
0.013977051
0.013031006
0.012298584
0.012084961
0.011474609
0.011291504
0.010528564
0.009490967
0.007904053
0.007659912
0.007293701
0.0063476562
0.0055236816
0.0045776367
0.0038757324
0.002166748
7.019043E-4
-3.0517578E-4
-0.0018005371
-0.0025024414
-0.0034179688
-0.0040893555
-0.0054626465
-0.0073242188
-0.008239746
-0.009735107
-0.01071167
-0.011383057
-0.011474609
-0.012451172
-0.012908936
-0.013122559
-0.014160156
-0.014801025
-0.015808105
-0.015899658
-0.016601562
-0.016723633
-0.017486572
-0.019226074
-0.019927979
-0.020843506
-0.02154541
-0.02255249
-0.022827148
-0.023223877
-0.024230957
-0.024291992
-0.025024414
-0.02508545
-0.025146484
-0.025909424
-0.025878906
-0.027038574
-0.027252197
-0.027770996
-0.028167725
-0.028076172
-0.028076172
-0.028137207
-0.028717041
-0.028167725
-0.027954102
-0.027191162
-0.026184082
-0.025878906
-0.02545166
-0.024993896
-0.024719238
-0.023071289
-0.022155762
-0.020629883
-0.019683838
-0.018127441
-0.017181396
-0.015289307
-0.014190674
-0.012634277
-0.010375977
-0.008972168
-0.007171631
-0.005584717
-0.003753662
-0.0022583008
-4.8828125E-4
9.1552734E-4
0.0018615723
0.003692627
0.0049438477
0.005706787
0.0066833496
0.0073547363
0.008880615
0.009887695
0.010620117
0.0115356445
0.013183594
0.014831543
0.01651001
0.0178833
0.018676758
0.01953125
0.020355225
0.021118164
0.022613525
0.02432251
0.02508545
0.02609253
0.02758789
0.028289795
0.029266357
0.029815674
0.02960205
0.03024292
0.030517578
0.030395508
0.03048706
0.030426025
0.030456543
0.029418945
0.028869629
0.028411865
0.02670288
0.026733398
0.025634766
0.02444458
0.02319336
0.02130127
0.020629883
0.01965332
0.018981934
0.017974854
0.01727295
0.015991211
0.014678955
0.014007568
0.013031006
0.012878418
0.012329102
0.012084961
0.011474609
0.011260986
0.010498047
0.0095825195
0.009094238
0.00894165
0.0074157715
0.006378174
0.00491333
0.003753662
0.0031433105
0.002105713
6.713867E-4
-2.746582E-4
-0.0020446777
-0.003326416
-0.0043945312
-0.0059509277
-0.0064697266
-0.008117676
-0.009033203
-0.009918213
-0.0105896
-0.01159668
-0.012176514
-0.013458252
-0.014465332
-0.01473999
-0.0152282715
-0.015563965
-0.016052246
-0.016357422
-0.017486572
-0.018157959
-0.019256592
-0.019683838
-0.020080566
-0.020507812
-0.020904541
-0.021331787
-0.02166748
-0.022644043
-0.023406982
-0.024230957
-0.02508545
-0.025848389
-0.026763916
-0.027282715
-0.02758789
-0.028137207
-0.028381348
-0.0289917
-0.028747559
-0.028900146
-0.028778076
-0.028259277
-0.027954102
-0.02746582
-0.028045654
-0.027069092
-0.02633667
-0.025421143
-0.025024414
-0.024780273
-0.023162842
-0.02218628
-0.020721436
-0.019744873
-0.018188477
-0.01638794
-0.014801025
-0.013092041
-0.011566162
-0.009735107
-0.00869751
-0.0074157715
-0.005584717
-0.0039367676
-0.0022888184
-0.0014038086
2.4414062E-4
0.0018310547
0.003540039
0.00491333
0.005584717
0.0070495605
0.008239746
0.008911133
0.010406494
0.012084961
0.012939453
0.01373291
0.014709473
0.016296387
0.016815186
0.018249512
0.019470215
0.020721436
0.022003174
0.022583008
0.024230957
0.02508545
0.025909424
0.02670288
0.027679443
0.02935791
0.029632568
0.03012085
0.030456543
0.030944824
0.031311035
0.03112793
0.031280518
0.03112793
0.03036499
0.029510498
0.028564453
0.027801514
0.026885986
0.0262146
0.024780273
0.02368164
0.022979736
0.021362305
0.020507812
0.019744873
0.018707275
0.017059326
0.016479492
0.015411377
0.015197754
0.014678955
0.014373779
0.013916016
0.012878418
0.012268066
0.012084961
0.011291504
0.010406494
0.009674072
0.008758545
0.008026123
0.0071105957
0.006439209
0.0047912598
0.0038146973
0.002319336
6.1035156E-4
-9.460449E-4
-0.0016174316
-0.002746582
-0.004180908
-0.0048828125
-0.0057678223
-0.0071105957
-0.008361816
-0.00894165
-0.010650635
-0.011352539
-0.012390137
-0.012817383
-0.013214111
-0.013641357
-0.014007568
-0.01449585
-0.014801025
-0.015808105
-0.01651001
-0.017425537
-0.01828003
-0.019165039
-0.019927979
-0.02078247
-0.021575928
-0.02218628
-0.021942139
-0.02255249
-0.023345947
-0.024230957
-0.024963379
-0.025909424
-0.026489258
-0.026763916
-0.027313232
-0.02758789
-0.028198242
-0.028045654
-0.02810669
-0.028137207
-0.027526855
-0.027252197
-0.027404785
-0.027282715
-0.027404785
-0.027191162
-0.026306152
-0.02557373
-0.024627686
-0.023986816
-0.022521973
-0.021453857
-0.020080566
-0.019012451
-0.017456055
-0.015716553
-0.014160156
-0.012451172
-0.01083374
-0.009216309
-0.0072021484
-0.0048828125
-0.0040283203
-0.0025024414
-0.0015563965
-3.0517578E-5
0.0016174316
0.0032958984
0.0048828125
0.0067749023
0.00793457
0.009185791
0.010498047
0.011108398
0.012054443
0.012786865
0.013671875
0.015258789
0.016845703
0.017608643
0.018707275
0.02053833
0.021636963
0.022979736
0.024108887
0.025421143
0.02658081
0.02722168
0.028198242
0.028869629
0.030029297
0.031555176
0.031951904
0.03225708
0.03286743
0.032592773
0.032806396
0.03262329
0.032806396
0.032562256
0.032104492
0.031677246
0.030212402
0.029388428
0.028503418
0.027648926
0.026947021
0.025482178
0.024414062
0.023712158
0.022125244
0.0211792
0.019622803
0.01889038
0.018005371
0.017120361
0.01626587
0.015533447
0.014526367
0.014984131
0.01461792
0.014343262
0.013702393
0.012756348
0.012084961
0.010986328
0.009399414
0.009277344
0.008392334
0.0069885254
0.0064697266
0.0047302246
0.0037841797
0.0022888184
5.493164E-4
-8.8500977E-4
-0.0018920898
-0.0034179688
-0.003967285
-0.0054016113
-0.0067443848
-0.007293701
-0.008911133
-0.009857178
-0.010681152
-0.011383057
-0.011505127
-0.012359619
-0.013183594
-0.013977051
-0.014892578
-0.015167236
-0.015594482
-0.016571045
-0.01727295
-0.018310547
-0.019805908
-0.020690918
-0.02142334
-0.022338867
-0.023101807
-0.023986816
-0.024719238
-0.025634766
-0.026367188
-0.02670288
-0.02645874
-0.02746582
-0.027130127
-0.027740479
-0.028808594
-0.029174805
-0.029754639
-0.030090332
-0.03024292
-0.028839111
-0.029571533
-0.029022217
-0.028686523
-0.02822876
-0.027862549
-0.027404785
-0.026916504
-0.02532959
-0.024841309
-0.023345947
-0.022277832
-0.020965576
-0.019165039
-0.018341064
-0.016571045
-0.015014648
-0.014221191
-0.0121154785
-0.010009766
-0.008117676
-0.00579834
-0.0043640137
-0.0024719238
-0.0016479492
-6.1035156E-5
0.0014648438
0.0024414062
0.0040283203
0.00579834
0.0072631836
0.00793457
0.008850098
0.0095825195
0.010955811
0.0126953125
0.01361084
0.014434814
0.016021729
0.01675415
0.017791748
0.019622803
0.020996094
0.02154541
0.023040771
0.024108887
0.025482178
0.02658081
0.027252197
0.028167725
0.028930664
0.029937744
0.030639648
0.03161621
0.032043457
0.031921387
0.03201294
0.031951904
0.03201294
0.031921387
0.031280518
0.031066895
0.03036499
0.02923584
0.027679443
0.027069092
0.025817871
0.024017334
0.022979736
0.02218628
0.021362305
0.02053833
0.019744873
0.018859863
0.018157959
0.016998291
0.01675415
0.01626587
0.015899658
0.01550293
0.014526367
0.013793945
0.012908936
0.012878418
0.012084961
0.012237549
0.011993408
0.010894775
0.009033203
0.00793457
0.006713867
0.0047912598
0.0038452148
0.002380371
6.4086914E-4
-8.544922E-4
-0.0017700195
-0.0033874512
-0.0038757324
-0.0053710938
-0.006591797
-0.0078125
-0.009094238
-0.009674072
-0.011352539
-0.012145996
-0.012237549
-0.013061523
-0.013885498
-0.014709473
-0.01550293
-0.016357422
-0.017150879
-0.018066406
-0.018920898
-0.019714355
-0.02053833
-0.020629883
-0.021392822
-0.022369385
-0.024047852
-0.02420044
-0.024993896
-0.026519775
-0.026489258
-0.027160645
-0.02798462
-0.028839111
-0.028839111
-0.029907227
-0.030395508
-0.030700684
-0.031280518
-0.03125
-0.030822754
-0.030303955
-0.030578613
-0.029785156
-0.029724121
-0.029663086
-0.028808594
-0.028869629
-0.028717041
-0.027740479
-0.027069092
-0.025756836
-0.024475098
-0.023864746
-0.022369385
-0.020690918
-0.019042969
-0.017333984
-0.016601562
-0.015563965
-0.013885498
-0.012237549
-0.010650635
-0.00894165
-0.007385254
-0.005584717
-0.003967285
-0.0022583008
-0.0015563965
-4.5776367E-4
8.8500977E-4
0.0020141602
0.003326416
0.0044555664
0.005859375
0.0070495605
0.008361816
0.008911133
0.010620117
0.011352539
0.012390137
0.0138549805
0.01461792
0.015594482
0.017608643
