buf 22 of 46 length=1792
0.018676758
0.019989014
0.021209717
0.021820068
0.023468018
0.024353027
0.025054932
0.025177002
0.025970459
0.025726318
0.026184082
0.026672363
0.026519775
0.026611328
0.026550293
0.026611328
0.025878906
0.025787354
0.02407837
0.023651123
0.02319336
0.021575928
0.021087646
0.019622803
0.018493652
0.017669678
0.01675415
0.016021729
0.015075684
0.014404297
0.013427734
0.012939453
0.012664795
0.012023926
0.012298584
0.011657715
0.0113220215
0.011505127
0.010681152
0.0099487305
0.009033203
0.008392334
0.008239746
0.0073242188
0.006591797
0.0056762695
0.004760742
0.0040283203
0.0025939941
8.8500977E-4
-0.0
-0.0016174316
-0.0031738281
-0.00390625
-0.0047912598
-0.005584717
-0.006591797
-0.007232666
-0.00869751
-0.009796143
-0.010528564
-0.011383057
-0.011444092
-0.012268066
-0.013092041
-0.0138549805
-0.014801025
-0.015167236
-0.015472412
-0.01651001
-0.017181396
-0.018218994
-0.018951416
-0.019866943
-0.020599365
-0.021514893
-0.02218628
-0.023284912
-0.023254395
-0.023010254
-0.024169922
-0.024749756
-0.025817871
-0.025787354
-0.02658081
-0.027374268
-0.028198242
-0.027954102
-0.028442383
-0.028625488
-0.027954102
-0.028198242
-0.028015137
-0.028198242
-0.027404785
-0.02734375
-0.025817871
-0.025909424
-0.025634766
-0.024932861
-0.02368164
-0.02243042
-0.021240234
-0.019989014
-0.018798828
-0.016845703
-0.015991211
-0.014404297
-0.0126953125
-0.011230469
-0.010314941
-0.008514404
-0.0069885254
-0.0051574707
-0.0039978027
-0.0027770996
-9.1552734E-4
-1.2207031E-4
8.239746E-4
0.0014648438
0.0025939941
0.00390625
0.005065918
0.0065307617
0.007507324
0.009460449
0.010467529
0.011199951
0.0126953125
0.013702393
0.014404297
0.015380859
0.016937256
0.017608643
0.018920898
0.020263672
0.020935059
0.021820068
0.023101807
0.024963379
0.025726318
0.025909424
0.025787354
0.026916504
0.027069092
0.026763916
0.027496338
0.02722168
0.02746582
0.026763916
0.026519775
0.026000977
0.025726318
0.025115967
0.023986816
0.022613525
0.021728516
0.021087646
0.019744873
0.01852417
0.017730713
0.016784668
0.016052246
0.015167236
0.014404297
0.013580322
0.01373291
0.013458252
0.01260376
0.011810303
0.010925293
0.010528564
0.010772705
0.0099487305
0.0099487305
0.00982666
0.009216309
0.008850098
0.0073242188
0.0066223145
0.0057678223
0.0044555664
0.0031433105
0.0025939941
9.765625E-4
6.1035156E-5
-7.6293945E-4
-0.0015563965
-0.0024108887
-0.0031738281
-0.0040893555
-0.004760742
-0.006134033
-0.0074768066
-0.008117676
-0.009033203
-0.009796143
-0.010650635
-0.011444092
-0.012237549
-0.012084961
-0.012390137
-0.013214111
-0.0140686035
-0.014831543
-0.015777588
-0.015930176
-0.016540527
-0.01675415
-0.01739502
-0.018432617
-0.019165039
-0.020050049
-0.020843506
-0.02166748
-0.022491455
-0.023376465
-0.02368164
-0.023498535
-0.024291992
-0.024261475
-0.02444458
-0.025054932
-0.025268555
-0.025939941
-0.025817871
-0.025604248
-0.024414062
-0.024414062
-0.02368164
-0.023590088
-0.02279663
-0.022094727
-0.021911621
-0.0211792
-0.020019531
-0.018707275
-0.017547607
-0.016052246
-0.015533447
-0.013977051
-0.012390137
-0.01071167
-0.009063721
-0.006591797
-0.005065918
-0.0043029785
-0.0032348633
-0.0014343262
-3.0517578E-4
8.544922E-4
0.0032043457
0.005126953
0.006072998
0.006958008
0.008483887
0.009307861
0.010101318
0.010955811
0.01171875
0.0126953125
0.0128479
0.0138549805
0.015777588
0.016571045
0.017486572
0.018310547
0.019317627
0.020812988
0.021514893
0.02243042
0.023162842
0.02444458
0.026184082
0.027252197
0.02734375
0.028045654
0.02810669
0.028167725
0.028930664
0.028778076
0.028930664
0.028503418
0.027954102
0.028259277
0.02746582
0.027374268
0.026611328
0.025878906
0.024871826
0.023468018
0.022399902
0.020935059
0.020233154
0.019378662
0.018554688
0.017730713
0.016143799
0.0152282715
0.014373779
0.01373291
0.0134887695
0.012908936
0.0126953125
0.012084961
0.011962891
0.0107421875
0.0107421875
0.010040283
0.009918213
0.009185791
0.008361816
0.007446289
0.0069274902
0.006500244
0.004760742
0.004333496
0.0028076172
0.0016784668
9.765625E-4
-5.187988E-4
-0.0015258789
-0.0022277832
-0.0039978027
-0.004425049
-0.0049438477
-0.0065612793
-0.007171631
-0.008117676
-0.00881958
-0.00982666
-0.009857178
-0.011260986
-0.012207031
-0.012207031
-0.013000488
-0.012817383
-0.013122559
-0.014038086
-0.014801025
-0.015655518
-0.016448975
-0.017333984
-0.01739502
-0.01828003
-0.019073486
-0.019989014
-0.02053833
-0.02078247
-0.021362305
-0.02154541
-0.022613525
-0.023254395
-0.024261475
-0.024291992
-0.024353027
-0.024993896
-0.024353027
-0.025238037
-0.024810791
-0.024261475
-0.024291992
-0.024383545
-0.023834229
-0.02355957
-0.023040771
-0.022064209
-0.02130127
-0.02053833
-0.020477295
-0.019561768
-0.018585205
-0.016571045
-0.015563965
-0.014282227
-0.012542725
-0.010955811
-0.009277344
-0.007659912
-0.0059814453
-0.004272461
-0.0027160645
-0.0021362305
-7.9345703E-4
3.9672852E-4
0.0015563965
0.0033874512
0.0043945312
0.005126953
0.0068359375
0.007659912
0.008544922
0.009246826
0.010406494
0.011749268
0.012817383
0.014282227
0.014801025
0.015899658
0.015838623
0.017303467
0.018310547
0.019165039
0.019866943
0.021026611
0.022338867
0.023498535
0.024810791
0.02557373
0.025878906
0.026367188
0.026672363
0.027252197
0.027374268
0.027404785
0.028259277
0.02798462
0.02822876
0.027709961
0.026885986
0.026031494
0.025268555
0.024353027
0.02368164
0.022644043
0.02130127
0.021087646
0.019226074
0.017913818
0.017059326
0.01626587
0.015411377
0.01461792
0.013763428
0.012969971
0.0128479
0.0121154785
0.011199951
0.010620117
0.010498047
0.009429932
0.009155273
0.008758545
0.0077209473
0.0076293945
0.007019043
0.0061035156
0.006134033
0.0049438477
0.0035705566
0.002532959
0.0010375977
4.272461E-4
-5.187988E-4
-0.0012512207
-0.002105713
-0.0035095215
-0.0045776367
-0.0052490234
-0.006439209
-0.0077819824
-0.008850098
-0.010375977
-0.010925293
-0.012023926
-0.0121154785
-0.012756348
-0.012908936
-0.01361084
-0.014404297
-0.014526367
-0.015197754
-0.015289307
-0.016296387
-0.016998291
-0.017944336
-0.018798828
-0.019592285
-0.020446777
-0.021240234
-0.021362305
-0.022094727
-0.023010254
-0.023620605
-0.02355957
-0.023803711
-0.024871826
-0.025024414
-0.025604248
-0.025909424
-0.025787354
-0.025878906
-0.025817871
-0.025848389
-0.025848389
-0.025848389
-0.025878906
-0.025543213
-0.024536133
-0.023895264
-0.022888184
-0.022857666
-0.022094727
-0.02130127
-0.020324707
-0.018859863
-0.0178833
-0.016204834
-0.01574707
-0.014221191
-0.013153076
-0.011871338
-0.010131836
-0.008514404
-0.006866455
-0.005126953
-0.003479004
-0.0018310547
-2.4414062E-4
0.0015563965
0.0026550293
0.0039367676
0.0051879883
0.0058898926
0.0068969727
0.0075683594
0.008544922
0.010131836
0.01171875
0.012329102
0.013366699
0.01361084
0.0140686035
0.014953613
0.015777588
0.016540527
0.018249512
0.018981934
0.019226074
0.02078247
0.021514893
0.022369385
0.023223877
0.023956299
0.024902344
0.025054932
0.025665283
0.026550293
0.026611328
0.02734375
0.027374268
0.027160645
0.026428223
0.02670288
0.026184082
0.025421143
0.024017334
0.022857666
0.022216797
0.02053833
0.01977539
0.018859863
0.018188477
0.016845703
0.015594482
0.014434814
0.013061523
0.012481689
0.011505127
0.010772705
0.009887695
0.009918213
0.008972168
0.008422852
0.008178711
0.0074768066
0.007751465
0.0072021484
0.0064086914
0.005432129
0.005279541
0.0046081543
0.003692627
0.0021362305
0.0014038086
3.3569336E-4
-0.001159668
-0.001739502
-0.0030517578
-0.0047912598
-0.0059814453
-0.006713867
-0.008239746
-0.009185791
-0.0099487305
-0.010894775
-0.012481689
-0.013092041
-0.014129639
-0.014404297
-0.014862061
-0.0152282715
-0.015655518
-0.016693115
-0.016662598
-0.017486572
-0.017333984
-0.01763916
-0.018371582
-0.018432617
-0.019836426
-0.021118164
-0.02130127
-0.02178955
-0.022827148
-0.022766113
-0.02368164
-0.024261475
-0.024505615
-0.02508545
-0.025299072
-0.026000977
-0.0256958
-0.026367188
-0.026611328
-0.026550293
-0.02658081
-0.026550293
-0.026611328
-0.026489258
-0.02557373
-0.025024414
-0.024902344
-0.023742676
-0.023651123
-0.023071289
-0.022216797
-0.021362305
-0.020629883
-0.018859863
-0.017364502
-0.016296387
-0.014892578
-0.013885498
-0.012084961
-0.010559082
-0.008850098
-0.007232666
-0.0055236816
-0.0037841797
-0.0022277832
-5.187988E-4
9.765625E-4
0.0029907227
0.0049743652
0.0056152344
0.006652832
0.0073242188
0.008239746
0.008972168
0.010528564
0.012145996
0.013061523
0.0146484375
0.015319824
0.016296387
0.016906738
0.018310547
0.019622803
0.02029419
0.0211792
0.021972656
0.02279663
0.022888184
0.02456665
0.025054932
0.025268555
0.026184082
0.026947021
0.027801514
0.028625488
0.02947998
0.030426025
0.030426025
0.029754639
0.029663086
0.029815674
0.029449463
0.028564453
0.027618408
0.027374268
0.026855469
0.026062012
0.02456665
0.023620605
0.022766113
0.021240234
0.020263672
0.01876831
0.017974854
0.017120361
0.015899658
0.014556885
0.013977051
0.012969971
0.012298584
0.011352539
0.011505127
0.011230469
0.010650635
0.010467529
0.009552002
0.0087890625
0.007904053
0.0071411133
0.006286621
0.0054016113
0.0045166016
0.0037231445
0.00289917
0.0020141602
1.2207031E-4
-0.0010070801
-0.0022277832
-0.003540039
-0.0042419434
-0.005065918
-0.0066223145
-0.007659912
-0.009124756
-0.010040283
-0.010772705
-0.011657715
-0.012451172
-0.013214111
-0.014434814
-0.01586914
-0.015838623
-0.016571045
-0.016723633
-0.017364502
-0.017486572
-0.018463135
-0.019195557
-0.02017212
-0.02053833
-0.020935059
-0.021362305
-0.02166748
-0.02279663
-0.022766113
-0.02355957
-0.023590088
-0.024505615
-0.02508545
-0.025238037
-0.0262146
-0.026641846
-0.026519775
-0.026611328
-0.026519775
-0.026611328
-0.026519775
-0.026641846
-0.02645874
-0.026733398
-0.02609253
-0.024963379
-0.024871826
-0.023803711
-0.023162842
-0.02218628
-0.021484375
-0.019897461
-0.019012451
-0.018218994
-0.017211914
-0.0154418945
-0.013977051
-0.011871338
-0.009796143
-0.008178711
-0.0070495605
-0.005706787
-0.0038146973
-0.0023498535
-5.79834E-4
9.1552734E-4
0.0027160645
0.0039978027
0.0050964355
0.0069885254
0.008148193
0.008850098
0.010314941
0.011352539
0.012756348
0.013793945
0.014404297
0.015533447
0.016937256
0.01776123
0.018676758
0.019470215
0.020324707
0.021118164
0.021942139
0.022766113
0.023590088
0.024383545
0.025238037
0.026062012
0.026855469
0.027679443
0.028503418
0.02935791
0.030303955
0.03048706
0.030456543
0.030456543
0.030456543
0.030426025
0.03048706
0.03024292
0.029388428
0.028076172
0.026733398
0.026153564
0.025177002
0.024505615
0.022827148
0.021331787
0.020324707
0.018829346
0.018066406
0.017089844
0.016357422
0.0154418945
0.01473999
0.0132751465
0.012207031
0.011505127
0.011352539
0.011474609
0.011260986
0.010467529
0.009613037
0.008880615
0.007598877
0.006225586
0.0061950684
0.0054626465
0.0045776367
0.0037231445
0.0021972656
0.0012817383
-4.272461E-4
-0.0019836426
-0.003753662
-0.0049743652
-0.0057678223
-0.0066833496
-0.0074768066
-0.008300781
-0.00982666
-0.01071167
-0.011566162
-0.013244629
-0.013641357
-0.013885498
-0.014892578
-0.015167236
-0.015563965
-0.01663208
-0.01663208
-0.01739502
-0.01828003
-0.0184021
-0.019165039
-0.020202637
-0.021728516
-0.02230835
-0.023376465
-0.023529053
-0.024139404
-0.024353027
-0.024963379
-0.025878906
-0.026641846
-0.027374268
-0.027313232
-0.027282715
-0.027618408
-0.028259277
-0.027954102
-0.028656006
-0.028900146
-0.028198242
-0.028045654
-0.02734375
-0.027282715
-0.026306152
-0.025848389
-0.02557373
-0.024932861
-0.025177002
-0.024627686
-0.02319336
-0.022094727
-0.020751953
-0.018920898
-0.018310547
-0.016998291
-0.015777588
-0.014373779
-0.012023926
-0.010681152
-0.00881958
-0.0073547363
-0.005493164
-0.003967285
-0.0021362305
-0.0
0.0010681152
0.0024719238
0.003479004
0.0052490234
0.0069885254
0.0082092285
0.008850098
0.010375977
0.011352539
0.012817383
0.013763428
0.014526367
0.015380859
0.016174316
0.016998291
0.017852783
0.018798828
0.01953125
0.02041626
0.021148682
0.022064209
0.02355957
0.02444458
0.02520752
0.026123047
0.026763916
0.028045654
0.029449463
0.029846191
0.029022217
0.028778076
0.028869629
0.028808594
0.028839111
0.028869629
0.028686523
0.027801514
0.027008057
0.026184082
0.02532959
0.024597168
0.023101807
0.022094727
0.020629883
0.019714355
0.018920898
0.018127441
0.016906738
0.01550293
0.014831543
0.013946533
0.013092041
0.0128479
0.012359619
0.011383057
0.010681152
0.009735107
0.009155273
0.009002686
0.008026123
0.0073242188
0.0063476562
0.006134033
0.005584717
0.004547119
0.004547119
0.0029907227
0.0013427734
-3.9672852E-4
-0.0028381348
-0.0040283203
-0.0048828125
-0.0056762695
-0.0071105957
-0.008270264
-0.00894165
-0.010498047
-0.011444092
-0.012207031
-0.013061523
-0.0138549805
-0.014709473
-0.015472412
-0.016357422
-0.017120361
-0.018035889
-0.018920898
-0.019073486
-0.019714355
-0.0206604
-0.021331787
-0.022338867
-0.022766113
-0.023132324
-0.023651123
-0.023834229
-0.024993896
-0.025024414
-0.0256958
-0.026519775
-0.027374268
-0.028167725
-0.028930664
-0.028717041
-0.029174805
-0.029815674
-0.029663086
-0.029754639
-0.029663086
-0.030334473
-0.029907227
-0.029571533
-0.028930664
-0.028625488
-0.028137207
-0.027862549
-0.027008057
-0.026123047
-0.025512695
-0.023925781
-0.02355957
-0.022338867
-0.02053833
-0.019744873
-0.018035889
-0.016326904
-0.0146484375
-0.013061523
-0.011413574
-0.009765625
-0.008117676
-0.0064697266
-0.004760742
-0.0030517578
-0.0022583008
-4.8828125E-4
8.8500977E-4
0.0019226074
0.0034179688
0.0039978027
0.0053710938
0.0072021484
0.0082092285
0.009002686
0.010467529
0.011505127
0.012908936
0.013885498
0.01449585
0.01574707
0.017059326
0.017913818
0.018707275
0.020111084
0.021209717
0.021942139
0.02279663
0.023651123
0.024383545
0.02545166
0.026855469
0.027709961
0.02810669
0.0284729
0.028961182
0.028747559
0.028869629
0.02960205
0.028900146
0.028808594
0.028778076
0.027801514
0.02709961
0.026184082
0.02545166
0.024536133
0.023803711
0.022949219
0.021484375
0.020446777
0.019012451
0.018066406
0.01739502
0.017303467
0.016204834
0.015991211
0.015106201
0.013671875
0.013763428
0.012939453
0.012908936
0.0128479
0.012054443
0.011199951
0.010437012
0.009521484
0.009124756
0.008880615
0.007293701
0.0062561035
0.005432129
0.0038146973
0.0029907227
0.002105713
3.9672852E-4
-0.0010986328
-0.0017089844
-0.0029907227
-0.0043029785
-0.00491333
-0.0064697266
-0.008178711
-0.009796143
-0.01071167
-0.011474609
-0.012359619
-0.012969971
-0.0128479
-0.013122559
-0.014465332
-0.015808105
-0.015899658
-0.01651001
-0.01739502
-0.017456055
-0.018341064
-0.019165039
-0.019989014
-0.020843506
-0.021606445
-0.022491455
-0.023254395
-0.024169922
-0.024291992
-0.024932861
-0.025817871
-0.026611328
-0.02734375
-0.027435303
-0.028259277
-0.027923584
-0.028533936
-0.028869629
-0.028839111
-0.028808594
-0.028869629
-0.028778076
-0.028198242
-0.027923584
-0.027404785
-0.027069092
-0.02658081
-0.026306152
-0.02545166
-0.024139404
-0.022888184
-0.02230835
-0.0206604
-0.019805908
-0.018127441
-0.01651001
-0.015777588
-0.014709473
-0.012939453
-0.011474609
-0.009246826
-0.0072631836
-0.005645752
-0.0038757324
-0.002319336
-0.0014038086
2.4414062E-4
0.0017089844
0.0026245117
0.004486084
0.0057373047
0.006591797
0.007385254
0.008239746
0.009002686
0.010559082
0.011474609
0.013122559
0.01461792
0.015411377
0.016021729
0.016052246
0.017700195
0.01876831
0.020141602
0.021270752
0.021911621
0.023651123
0.025115967
0.02609253
0.027709961
0.028045654
0.028411865
0.028930664
0.028808594
0.028808594
0.029541016
0.029083252
0.028686523
0.0289917
0.02859497
0.028167725
0.027862549
0.027038574
0.026153564
0.025482178
0.024047852
0.022888184
0.022827148
0.022155762
0.021209717
0.020507812
0.019561768
0.018920898
0.017822266
0.017456055
0.016998291
0.016662598
0.016174316
0.015838623
0.015319824
0.014343262
0.013702393
0.013671875
0.013549805
0.012542725
0.012176514
0.011932373
0.010437012
0.009307861
0.008575439
0.007659912
0.007598877
0.006866455
0.00592041
0.0040893555
0.0025634766
7.324219E-4
-3.6621094E-4
-0.0016174316
-0.00289917
-0.0035095215
-0.004486084
-0.0051879883
-0.006225586
-0.006958008
-0.007843018
-0.008605957
-0.009490967
-0.010223389
-0.011169434
-0.011474609
-0.0113220215
-0.012054443
-0.012237549
-0.01361084
-0.01461792
-0.016113281
-0.016845703
-0.017791748
-0.018371582
-0.01852417
-0.019683838
-0.019744873
-0.02041626
-0.021209717
-0.022094727
-0.022827148
-0.023773193
-0.024291992
-0.024536133
-0.02520752
-0.024932861
-0.02557373
-0.025909424
-0.025787354
-0.025909424
-0.02508545
-0.025115967
-0.024963379
-0.024291992
-0.024169922
-0.023376465
-0.023834229
-0.022644043
-0.021942139
-0.02166748
-0.019989014
-0.018432617
-0.016601562
-0.015045166
-0.014282227
-0.013427734
-0.012481689
-0.010528564
-0.009613037
-0.007751465
-0.0056152344
-0.004058838
-0.002380371
-0.0014343262
3.0517578E-5
0.0010375977
0.002532959
0.0032653809
0.004058838
0.005279541
0.006866455
0.0067443848
0.008056641
0.009094238
0.009887695
0.010681152
0.011566162
0.012268066
0.013427734
0.01473999
0.01586914
0.017242432
0.017944336
0.018951416
0.019622803
0.020568848
0.021270752
0.022247314
0.023864746
0.024291992
0.02456665
0.025421143
0.02633667
0.026550293
0.027160645
0.026794434
0.02645874
0.025939941
0.025756836
0.024932861
0.024261475
0.024169922
0.023162842
0.022460938
0.02154541
0.02078247
0.019927979
0.019134521
0.018310547
0.017333984
0.016662598
0.016571045
0.015625
0.014892578
0.014007568
0.013244629
0.012329102
0.012145996
0.012176514
0.012176514
0.0121154785
0.011383057
0.011352539
0.010314941
0.0099487305
0.009643555
0.008666992
0.007904053
0.0070495605
0.006286621
0.005340576
0.003753662
0.0021362305
0.0014038086
3.6621094E-4
-0.0012207031
-0.0014343262
-0.0018615723
-0.0027160645
-0.004058838
-0.005218506
-0.0059814453
-0.0069274902
-0.0076293945
-0.008575439
-0.009216309
-0.009094238
-0.009399414
-0.010345459
-0.011077881
-0.011962891
-0.01272583
-0.01361084
-0.014373779
-0.014526367
-0.016052246
-0.016815186
-0.017730713
-0.018585205
-0.019470215
-0.019836426
-0.02017212
-0.021270752
-0.021240234
-0.022033691
-0.022033691
-0.022979736
-0.02355957
-0.023803711
-0.024353027
-0.024597168
-0.025238037
-0.024963379
-0.025177002
-0.024993896
-0.025177002
-0.024963379
-0.02444458
-0.024108887
-0.023651123
-0.02331543
-0.022766113
-0.02255249
-0.021484375
-0.020904541
-0.019348145
-0.018371582
-0.017486572
-0.016601562
-0.014923096
-0.013336182
-0.011627197
-0.010101318
-0.008270264
-0.0072631836
-0.00579834
-0.004638672
-0.003326416
-0.0015563965
-7.019043E-4
3.0517578E-5
0.0010986328
0.0024719238
0.0035705566
0.0049438477
0.00579834
0.006164551
0.0066223145
0.0069885254
0.0074157715
0.009216309
0.009887695
0.010955811
0.012420654
0.013153076
0.014038086
0.014801025
0.015655518
0.016448975
0.01727295
0.018157959
0.019073486
0.01977539
0.02078247
0.021240234
0.02154541
0.022094727
0.02230835
0.023406982
0.023620605
0.02355957
0.023620605
0.022888184
0.02279663
0.021942139
0.0211792
0.020263672
0.019805908
0.01953125
0.018615723
0.01739502
0.015411377
0.014556885
0.013702393
0.012939453
0.012908936
0.0128479
0.0119018555
0.011383057
0.011230469
0.010040283
0.010406494
0.010253906
0.009765625
0.010040283
0.009796143
0.009246826
0.009002686
0.008239746
0.0073242188
0.0066223145
0.005645752
0.0048828125
0.00390625
0.0037841797
0.0031433105
0.0022888184
6.713867E-4
-8.544922E-4
-0.0017700195
-0.0033874512
-0.00390625
-0.0053100586
-0.0066833496
-0.007293701
-0.008300781
-0.008361816
-0.009063721
-0.009185791
-0.010009766
-0.010681152
-0.0107421875
-0.011810303
-0.012176514
-0.012451172
-0.0134887695
-0.013702393
-0.013641357
-0.014312744
-0.0152282715
-0.016693115
-0.017608643
-0.018432617
-0.019439697
-0.01953125
-0.019165039
-0.020477295
-0.020477295
-0.021148682
-0.021942139
-0.022155762
-0.022705078
-0.023010254
-0.023529053
-0.023803711
-0.024383545
-0.024291992
-0.02432251
-0.024291992
-0.024353027
-0.023712158
-0.024169922
-0.023712158
-0.0234375
-0.022766113
-0.021728516
-0.021331787
-0.021026611
-0.020080566
-0.01940918
-0.0178833
-0.01675415
-0.0154418945
-0.013580322
-0.012207031
-0.011108398
-0.00970459
-0.008728027
-0.006866455
-0.005706787
-0.004425049
-0.0026245117
-0.0016174316
-8.8500977E-4
7.019043E-4
0.0015258789
0.0024719238
0.003967285
0.004760742
0.0053710938
0.0054626465
0.0071411133
0.008087158
0.009552002
0.0105896
0.011352539
0.011444092
0.012329102
0.013885498
0.01461792
0.015472412
0.01626587
0.017089844
0.018005371
0.018829346
0.020233154
0.021331787
0.021270752
0.022155762
0.021942139
0.02230835
0.022827148
0.023101807
0.023742676
0.0234375
0.024139404
0.024353027
0.02432251
0.023620605
0.022766113
0.021942139
0.021118164
0.020324707
0.019470215
0.018676758
0.017791748
0.01687622
0.016143799
0.0152282715
0.014526367
0.013580322
0.012969971
0.01272583
0.012145996
0.012145996
0.012268066
0.011749268
0.011291504
0.011505127
0.010803223
0.0099487305
0.009918213
0.009063721
0.009277344
0.008850098
0.008453369
0.008026123
0.007659912
0.00680542
0.0054016113
0.004211426
0.0022888184
0.0015563965
-1.2207031E-4
-7.9345703E-4
-0.0018005371
-0.0021972656
-0.0025939941
-0.0030822754
-0.0033569336
-0.0043029785
-0.0056762695
-0.006958008
-0.007446289
-0.0078125
-0.008270264
-0.008666992
-0.009094238
-0.009643555
-0.011199951
-0.011413574
-0.011383057
-0.0119018555
-0.0128479
-0.013549805
-0.014526367
-0.015136719
-0.016204834
-0.016601562
-0.016998291
-0.01739502
-0.017852783
-0.018737793
-0.020080566
-0.02130127
-0.021270752
-0.022003174
-0.021362305
-0.022125244
-0.022003174
-0.022125244
-0.021942139
-0.022521973
-0.022491455
-0.021881104
-0.02218628
-0.021972656
-0.021453857
-0.021118164
-0.0206604
-0.020385742
-0.019592285
-0.018676758
-0.018005371
-0.01651001
-0.015411377
-0.014129639
-0.012329102
-0.011474609
-0.009887695
-0.008239746
-0.0065307617
-0.0049743652
-0.0043029785
-0.0031433105
-0.0013122559
-2.746582E-4
0.0010070801
0.0028076172
0.003692627
0.004486084
0.0053710938
0.0062561035
0.0071105957
0.007873535
0.008758545
0.009490967
0.010467529
0.010620117
0.011199951
0.012084961
0.012908936
0.014404297
0.01449585
0.015350342
0.016174316
0.016967773
0.017852783
0.01876831
0.01953125
0.020385742
0.0211792
0.022033691
0.022827148
0.023712158
0.024353027
0.024291992
0.02432251
0.02432251
0.02432251
0.024353027
0.023864746
0.022918701
0.02218628
0.021240234
0.020599365
0.020446777
0.019622803
0.018737793
0.018035889
0.016571045
0.0154418945
0.014160156
0.012969971
0.012298584
0.012084961
0.012237549
0.012023926
0.011352539
0.011474609
0.011169434
0.010223389
0.009521484
0.008575439
0.008361816
0.008422852
0.008361816
