buf 24 of 46 length=1792
-0.02456665
-0.025665283
-0.025817871
-0.02633667
-0.027282715
-0.02734375
-0.02734375
-0.02734375
-0.02734375
-0.02734375
-0.02734375
-0.027313232
-0.027374268
-0.026947021
-0.025909424
-0.025909424
-0.02444458
-0.02355957
-0.022644043
-0.021118164
-0.020202637
-0.018615723
-0.018066406
-0.01651001
-0.0154418945
-0.014160156
-0.012359619
-0.011505127
-0.009246826
-0.0074768066
-0.0058898926
-0.004119873
-0.0023498535
1.5258789E-4
0.0010070801
0.0024719238
0.0035095215
0.00491333
0.006072998
0.006866455
0.008422852
0.009338379
0.010894775
0.01159668
0.012481689
0.013244629
0.014129639
0.014892578
0.01574707
0.016571045
0.017364502
0.018310547
0.019134521
0.019958496
0.020751953
0.021606445
0.022399902
0.023284912
0.023956299
0.025482178
0.025939941
0.026397705
0.02670288
0.02722168
0.026550293
0.026733398
0.027496338
0.02722168
0.027435303
0.02722168
0.027526855
0.026123047
0.025177002
0.024291992
0.023651123
0.023376465
0.021820068
0.021057129
0.02029419
0.019348145
0.019042969
0.01864624
0.017578125
0.016815186
0.015960693
0.01586914
0.015136719
0.015197754
0.015014648
0.014099121
0.013366699
0.012390137
0.012207031
0.011657715
0.0113220215
0.011474609
0.010620117
0.010681152
0.0095825195
0.008178711
0.0071411133
0.0056152344
0.0049438477
0.003967285
0.003326416
0.0018310547
1.5258789E-4
-7.9345703E-4
-0.002319336
-0.003967285
-0.0045776367
-0.0058288574
-0.007293701
-0.0079956055
-0.008850098
-0.009735107
-0.0099487305
-0.010437012
-0.0121154785
-0.012878418
-0.012969971
-0.0138549805
-0.01461792
-0.01550293
-0.016204834
-0.017578125
-0.018951416
-0.019012451
-0.019622803
-0.020568848
-0.021240234
-0.022216797
-0.022766113
-0.023071289
-0.023590088
-0.023864746
-0.024414062
-0.024627686
-0.025787354
-0.025817871
-0.025878906
-0.02645874
-0.025939941
-0.02658081
-0.02658081
-0.026550293
-0.026641846
-0.026275635
-0.02532959
-0.024597168
-0.02368164
-0.023590088
-0.022857666
-0.022064209
-0.021087646
-0.019592285
-0.018676758
-0.016693115
-0.015563965
-0.014404297
-0.012573242
-0.011627197
-0.010192871
-0.008483887
-0.0068359375
-0.0043029785
-0.0028381348
-0.002105713
-0.0010070801
7.324219E-4
0.0022888184
0.004058838
0.0050964355
0.0059509277
0.0068359375
0.007598877
0.008483887
0.010223389
0.011627197
0.012481689
0.012908936
0.013183594
0.014190674
0.014892578
0.015777588
0.016571045
0.01739502
0.019073486
0.019866943
0.02078247
0.021453857
0.022491455
0.022766113
0.023284912
0.02355957
0.024597168
0.025878906
0.025787354
0.02658081
0.026611328
0.027435303
0.027282715
0.027404785
0.027282715
0.027435303
0.026885986
0.026031494
0.02520752
0.024414062
0.02355957
0.022857666
0.022705078
0.022003174
0.021972656
0.020599365
0.019317627
0.01864624
0.017669678
0.016815186
0.01663208
0.016052246
0.015808105
0.015136719
0.014160156
0.013519287
0.012420654
0.012512207
0.013000488
0.0128479
0.012939453
0.012359619
0.0107421875
0.009918213
0.009033203
0.008300781
0.007171631
0.00579834
0.004638672
0.0031738281
0.0027160645
0.0010681152
1.8310547E-4
-0.001373291
-0.0022583008
-0.0039367676
-0.0053710938
-0.0065612793
-0.007873535
-0.009033203
-0.010406494
-0.011138916
-0.011444092
-0.011932373
-0.012268066
-0.012786865
-0.013763428
-0.014556885
-0.016296387
-0.01663208
-0.016937256
-0.0178833
-0.01876831
-0.01953125
-0.020385742
-0.021209717
-0.021331787
-0.022033691
-0.022949219
-0.023712158
-0.02456665
-0.02532959
-0.026245117
-0.026641846
-0.026489258
-0.02709961
-0.028015137
-0.02810669
-0.02810669
-0.028045654
-0.027252197
-0.027435303
-0.027038574
-0.026489258
-0.02658081
-0.026611328
-0.026123047
-0.025177002
-0.02444458
-0.02355957
-0.02279663
-0.021850586
-0.020141602
-0.018707275
-0.018035889
-0.016662598
-0.015045166
-0.013366699
-0.011749268
-0.010101318
-0.008483887
-0.00680542
-0.0051574707
-0.0043640137
-0.0035095215
-0.002746582
-0.0016479492
2.1362305E-4
0.0012512207
0.0025024414
0.0049743652
0.006134033
0.006866455
0.007751465
0.008422852
0.008453369
0.0095825195
0.00982666
0.010620117
0.012054443
0.01260376
0.013580322
0.014282227
0.015899658
0.016723633
0.017578125
0.018493652
0.01928711
0.020141602
0.020904541
0.021850586
0.022064209
0.022613525
0.022888184
0.0234375
0.02368164
0.023468018
0.023773193
0.024505615
0.025299072
0.024597168
0.024383545
0.023803711
0.023620605
0.022399902
0.021240234
0.02130127
0.020446777
0.01965332
0.018829346
0.017974854
0.017089844
0.016235352
0.015472412
0.014526367
0.014465332
0.01373291
0.013702393
0.013549805
0.012969971
0.0126953125
0.012176514
0.01184082
0.011383057
0.011016846
0.010528564
0.010223389
0.009094238
0.009216309
0.008270264
0.0076293945
0.0064697266
0.0050354004
0.003967285
0.0025024414
0.001953125
4.5776367E-4
-6.713867E-4
-0.0013122559
-0.002960205
-0.003753662
-0.004638672
-0.0053710938
-0.0066223145
-0.007904053
-0.009063721
-0.010437012
-0.011077881
-0.011993408
-0.012786865
-0.012939453
-0.014373779
-0.015258789
-0.016082764
-0.016723633
-0.016845703
-0.017852783
-0.018737793
-0.019104004
-0.019378662
-0.021057129
-0.021972656
-0.022125244
-0.022003174
-0.023040771
-0.023590088
-0.024932861
-0.025878906
-0.026184082
-0.026611328
-0.027038574
-0.027435303
-0.027893066
-0.02822876
-0.028717041
-0.02810669
-0.02822876
-0.028839111
-0.027618408
-0.027404785
-0.026947021
-0.02609253
-0.025299072
-0.02444458
-0.023651123
-0.02279663
-0.021209717
-0.020446777
-0.019561768
-0.018829346
-0.017669678
-0.015777588
-0.014343262
-0.012054443
-0.010131836
-0.009216309
-0.008392334
-0.00680542
-0.006072998
-0.00491333
-0.0032958984
-0.0015258789
-3.9672852E-4
8.544922E-4
0.0021362305
0.0027770996
0.003692627
0.0044555664
0.005340576
0.006225586
0.0070495605
0.007873535
0.008666992
0.009552002
0.010284424
0.011230469
0.011413574
0.011993408
0.012908936
0.012908936
0.01461792
0.016113281
0.01687622
0.017700195
0.018737793
0.019042969
0.019439697
0.020385742
0.021148682
0.021331787
0.021972656
0.022155762
0.022888184
0.022766113
0.022949219
0.02243042
0.022064209
0.021606445
0.021240234
0.02078247
0.020507812
0.019897461
0.018981934
0.018188477
0.01727295
0.016357422
0.015960693
0.015563965
0.015136719
0.014709473
0.014373779
0.013885498
0.012878418
0.012908936
0.012908936
0.012878418
0.012969971
0.012634277
0.0121154785
0.011932373
0.010772705
0.01071167
0.010040283
0.009887695
0.009216309
0.008300781
0.007537842
0.0066833496
0.005859375
0.00491333
0.0041503906
0.0032958984
0.0025024414
0.0016784668
2.4414062E-4
-8.239746E-4
-0.0022583008
-0.0039978027
-0.0045166016
-0.0058898926
-0.0072021484
-0.008087158
-0.008361816
-0.008880615
-0.009216309
-0.00970459
-0.0113220215
-0.012176514
-0.012176514
-0.013183594
-0.013549805
-0.014190674
-0.015594482
-0.01638794
-0.016693115
-0.017181396
-0.017456055
-0.018157959
-0.019073486
-0.019866943
-0.0206604
-0.021575928
-0.022003174
-0.022613525
-0.024169922
-0.024353027
-0.023834229
-0.023468018
-0.023651123
-0.023529053
-0.023620605
-0.023529053
-0.023620605
-0.023406982
-0.022399902
-0.022033691
-0.021728516
-0.0206604
-0.020599365
-0.019958496
-0.0184021
-0.017333984
-0.015808105
-0.015014648
-0.014190674
-0.013427734
-0.012268066
-0.010528564
-0.008972168
-0.007232666
-0.0056152344
-0.0038146973
-0.0030517578
-0.0020751953
-6.1035156E-4
2.4414062E-4
9.460449E-4
0.002166748
0.0035095215
0.004180908
0.0050964355
0.00592041
0.006866455
0.0075683594
0.008483887
0.009155273
0.009246826
0.010375977
0.0119018555
0.012145996
0.012542725
0.013458252
0.014251709
0.015075684
0.015899658
0.016723633
0.017547607
0.018463135
0.01928711
0.020080566
0.020965576
0.021331787
0.021636963
0.022827148
0.022155762
0.022064209
0.022766113
0.022888184
0.022705078
0.023010254
0.022369385
0.022460938
0.022491455
0.022033691
0.021087646
0.020355225
0.020080566
0.01889038
0.018371582
0.017150879
0.01675415
0.016448975
0.015594482
0.01473999
0.014343262
0.014556885
0.013793945
0.013671875
0.012969971
0.012176514
0.012145996
0.012237549
0.011962891
0.011291504
0.011505127
0.011047363
0.010040283
0.0099487305
0.009277344
0.009155273
0.008361816
0.0068359375
0.0058288574
0.004211426
0.0035095215
0.0026550293
0.0018310547
0.0010986328
-3.3569336E-4
-0.0014648438
-0.0021362305
-0.0030822754
-0.004547119
-0.005432129
-0.0063171387
-0.007171631
-0.00793457
-0.00881958
-0.0095825195
-0.010498047
-0.010650635
-0.011260986
-0.011505127
-0.0121154785
-0.013153076
-0.0146484375
-0.015380859
-0.016296387
-0.01675415
-0.016662598
-0.016662598
-0.017150879
-0.018218994
-0.018951416
-0.019866943
-0.02053833
-0.0206604
-0.02154541
-0.022338867
-0.023223877
-0.02368164
-0.023498535
-0.02368164
-0.022918701
-0.02279663
-0.02279663
-0.022857666
-0.022766113
-0.022888184
-0.022583008
-0.021759033
-0.020812988
-0.020568848
-0.020080566
-0.019165039
-0.018371582
-0.017486572
-0.016540527
-0.015106201
-0.014038086
-0.012634277
-0.011657715
-0.009857178
-0.008239746
-0.007019043
-0.006439209
-0.0047302246
-0.003112793
-0.0014038086
9.1552734E-5
9.1552734E-4
0.0016784668
0.0026245117
0.0030517578
0.0032653809
0.0047912598
0.0059814453
0.006713867
0.008270264
0.008392334
0.008453369
0.009185791
0.009246826
0.010284424
0.010864258
0.012237549
0.013519287
0.013671875
0.014221191
0.014556885
0.014984131
0.016174316
0.017425537
0.018829346
0.019805908
0.020111084
0.020599365
0.020935059
0.02142334
0.021240234
0.021331787
0.021270752
0.02130127
0.02130127
0.021270752
0.021331787
0.021057129
0.02017212
0.019348145
0.018585205
0.017608643
0.01739502
0.016815186
0.01586914
0.015167236
0.015075684
0.014160156
0.013458252
0.012451172
0.012207031
0.01171875
0.0113220215
0.011474609
0.011383057
0.011413574
0.010620117
0.0105896
0.009765625
0.010101318
0.009490967
0.009185791
0.00869751
0.008331299
0.007904053
0.0069274902
0.0061950684
0.005218506
0.004425049
0.0036010742
0.002746582
0.0020446777
7.324219E-4
-4.8828125E-4
-0.0016784668
-0.0029907227
-0.0035095215
-0.005218506
-0.0061035156
-0.007080078
-0.008575439
-0.0093688965
-0.010223389
-0.010772705
-0.010528564
-0.011169434
-0.011474609
-0.011352539
-0.012084961
-0.013641357
-0.014465332
-0.015350342
-0.015930176
-0.016113281
-0.017028809
-0.017913818
-0.0184021
-0.01864624
-0.019744873
-0.020385742
-0.020721436
-0.021148682
-0.021514893
-0.021972656
-0.022338867
-0.022827148
-0.023132324
-0.023742676
-0.0234375
-0.024230957
-0.023742676
-0.023498535
-0.023651123
-0.023468018
-0.022766113
-0.022888184
-0.02255249
-0.021911621
-0.022155762
-0.021636963
-0.020202637
-0.019104004
-0.017669678
-0.016571045
-0.015991211
-0.014831543
-0.0134887695
-0.012451172
-0.01071167
-0.009155273
-0.0073547363
-0.006378174
-0.0048828125
-0.003753662
-0.003112793
-0.0013427734
1.2207031E-4
9.765625E-4
0.0017089844
0.0026550293
0.0030822754
0.0032653809
0.004852295
0.0059509277
0.00680542
0.0075683594
0.008483887
0.009124756
0.009307861
0.010101318
0.011016846
0.011413574
0.011779785
0.012298584
0.012512207
0.014282227
0.015045166
0.015991211
0.01663208
0.016845703
0.017578125
0.018707275
0.018951416
0.019470215
0.019805908
0.02029419
0.0206604
0.020507812
0.020599365
0.020568848
0.020477295
0.019744873
0.019714355
0.018554688
0.018341064
0.017852783
0.016845703
0.016174316
0.01461792
0.013702393
0.01361084
0.012817383
0.011962891
0.011352539
0.011474609
0.011138916
0.010101318
0.009979248
0.009307861
0.009735107
0.009338379
0.009002686
0.008453369
0.008331299
0.008422852
0.008361816
0.008422852
0.008117676
0.006591797
0.006011963
0.0056152344
0.0038146973
0.0030822754
0.0021362305
0.0014343262
4.8828125E-4
-0.0
-2.4414062E-4
-0.0012207031
-0.0018615723
-0.0032958984
-0.004425049
-0.005126953
-0.006134033
-0.0068969727
-0.007751465
-0.008514404
-0.009460449
-0.0099487305
-0.010101318
-0.011260986
-0.0113220215
-0.012023926
-0.012145996
-0.013519287
-0.014465332
-0.015258789
-0.015930176
-0.016082764
-0.016784668
-0.016815186
-0.018066406
-0.01828003
-0.01876831
-0.019714355
-0.019805908
-0.02053833
-0.021331787
-0.021362305
-0.022216797
-0.021881104
-0.022491455
-0.022766113
-0.023284912
-0.02368164
-0.023040771
-0.022094727
-0.02142334
-0.021148682
-0.021575928
-0.021820068
-0.021392822
-0.020690918
-0.019683838
-0.019226074
-0.016998291
-0.016143799
-0.015197754
-0.015167236
-0.013641357
-0.011993408
-0.010314941
-0.008850098
-0.008148193
-0.007019043
-0.005126953
-0.0039978027
-0.002746582
-9.460449E-4
-6.1035156E-5
7.6293945E-4
0.0016174316
0.0032348633
0.0038452148
0.0050964355
0.006591797
0.007232666
0.008148193
0.008880615
0.009796143
0.010528564
0.011444092
0.0121154785
0.012298584
0.013061523
0.013977051
0.014678955
0.015655518
0.015899658
0.01638794
0.01727295
0.018157959
0.019012451
0.019866943
0.020568848
0.020690918
0.02142334
0.0211792
0.02166748
0.02218628
0.021911621
0.02267456
0.022857666
0.022827148
0.02279663
0.022033691
0.022003174
0.021026611
0.020355225
0.019348145
0.019042969
0.01864624
0.017669678
0.016784668
0.016693115
0.015960693
0.015167236
0.015106201
0.014221191
0.013397217
0.012786865
0.013061523
0.012420654
0.012176514
0.011627197
0.0113220215
0.010803223
0.010498047
0.010009766
0.009735107
0.009124756
0.009002686
0.007873535
0.0076904297
0.007171631
0.006378174
0.0047912598
0.0037841797
0.003692627
0.0021972656
0.0013122559
6.4086914E-4
-5.79834E-4
-0.0018615723
-0.0030212402
-0.0043640137
-0.005004883
-0.006011963
-0.00680542
-0.007598877
-0.008483887
-0.009155273
-0.009246826
-0.010375977
-0.011932373
-0.012084961
-0.012634277
-0.012969971
-0.0128479
-0.013519287
-0.014465332
-0.015106201
-0.016143799
-0.016601562
-0.016998291
-0.017364502
-0.017852783
-0.018371582
-0.018676758
-0.019683838
-0.02041626
-0.021270752
-0.021331787
-0.022064209
-0.022155762
-0.022979736
-0.022644043
-0.023284912
-0.023254395
-0.022735596
-0.022399902
-0.021881104
-0.022216797
-0.021881104
-0.021453857
-0.020965576
-0.019744873
-0.01965332
-0.01864624
-0.017974854
-0.016448975
-0.015411377
-0.014007568
-0.012908936
-0.012237549
-0.0113220215
-0.009643555
-0.0082092285
-0.0072021484
-0.0056762695
-0.004699707
-0.0026855469
-0.0018310547
-3.3569336E-4
7.019043E-4
0.0014343262
0.0022888184
0.003967285
0.005432129
0.0065307617
0.008026123
0.00869751
0.009613037
0.010345459
0.011230469
0.012054443
0.012237549
0.012817383
0.013000488
0.013763428
0.0146484375
0.015411377
0.016296387
0.017028809
0.017974854
0.018829346
0.01965332
0.020477295
0.02130127
0.022064209
0.022094727
0.023101807
0.023590088
0.023834229
0.024505615
0.024139404
0.024963379
0.024536133
0.024230957
0.024383545
0.02355957
0.023590088
0.02255249
0.022125244
0.021606445
0.019958496
0.019897461
0.01928711
0.018981934
0.018554688
0.01739502
0.017486572
0.01651001
0.016021729
0.015533447
0.014251709
0.014556885
0.0140686035
0.013092041
0.012908936
0.012359619
0.012084961
0.012237549
0.0113220215
0.011505127
0.011199951
0.0105896
0.010498047
0.009124756
0.0077819824
0.0076293945
0.007171631
0.005493164
0.0045166016
0.003753662
0.0028381348
0.0011291504
-3.0517578E-4
-9.765625E-4
-0.0021362305
-0.003967285
-0.005065918
-0.0058898926
-0.0067749023
-0.0075683594
-0.008392334
-0.009246826
-0.010040283
-0.010894775
-0.011627197
-0.01260376
-0.012878418
-0.013305664
-0.014251709
-0.015014648
-0.015838623
-0.016723633
-0.017425537
-0.01852417
-0.019104004
-0.02029419
-0.02017212
-0.020111084
-0.020629883
-0.020965576
-0.021942139
-0.022705078
-0.023529053
-0.02368164
-0.024230957
-0.024536133
-0.025024414
-0.025421143
-0.02557373
-0.024932861
-0.025146484
-0.02508545
-0.024475098
-0.024230957
-0.023651123
-0.023498535
-0.022644043
-0.021881104
-0.020935059
-0.020568848
-0.020202637
-0.019348145
-0.0178833
-0.01675415
-0.015411377
-0.01361084
-0.0128479
-0.011138916
-0.0105896
-0.0093688965
-0.0077819824
-0.006011963
-0.0043945312
-0.0025939941
-0.0016784668
-1.8310547E-4
0.0014038086
0.002380371
0.0038452148
0.004760742
0.0052490234
0.005554199
0.0065307617
0.007385254
0.0076293945
0.008117676
0.009094238
0.00982666
0.010681152
0.011505127
0.012329102
0.013153076
0.013916016
0.014862061
0.015197754
0.01550293
0.017028809
0.018218994
0.018920898
0.019866943
0.020507812
0.020690918
0.021453857
0.02243042
0.02279663
0.022949219
0.022247314
0.02255249
0.022369385
0.021911621
0.021453857
0.0211792
0.02142334
0.021087646
0.020355225
0.019439697
0.018737793
0.017700195
0.01739502
0.016937256
0.015991211
0.015258789
0.015075684
0.014404297
0.013427734
0.012908936
0.012878418
0.013000488
0.012481689
0.012084961
0.012237549
0.011566162
0.010681152
0.010650635
0.010620117
0.010620117
0.009552002
0.009277344
0.008544922
0.0071105957
0.0064697266
0.005493164
0.004638672
0.0038757324
0.0022583008
0.0015258789
4.5776367E-4
-9.1552734E-4
-0.0020141602
-0.0033569336
-0.0044555664
-0.00592041
-0.006591797
-0.007507324
-0.008239746
-0.009155273
-0.0099487305
-0.01071167
-0.010681152
-0.011810303
-0.012084961
-0.012786865
-0.014282227
-0.014801025
-0.015838623
-0.016479492
-0.017486572
-0.018188477
-0.01928711
-0.01965332
-0.020141602
-0.020446777
-0.021240234
-0.02218628
-0.022369385
-0.023468018
-0.024108887
-0.025054932
-0.02508545
-0.02508545
-0.02508545
-0.025024414
-0.025299072
-0.025970459
-0.025726318
-0.026275635
-0.026733398
-0.025970459
-0.025848389
-0.025146484
-0.024291992
-0.024353027
-0.02420044
-0.02331543
-0.022583008
-0.021392822
-0.019622803
-0.018463135
-0.01776123
-0.016113281
-0.0152282715
-0.01361084
-0.012145996
-0.011016846
-0.008728027
-0.008270264
-0.0069274902
-0.005279541
-0.0034484863
-0.0025024414
-0.0010375977
-3.0517578E-5
7.6293945E-4
0.0023498535
0.003112793
0.003967285
0.004760742
0.005645752
0.0065307617
0.0073547363
0.008148193
0.009002686
0.00982666
0.010620117
0.010681152
0.011505127
0.012329102
0.013153076
0.013977051
0.014801025
0.015625
0.016418457
0.017303467
0.017425537
0.018188477
0.019104004
0.01977539
0.019897461
0.020843506
0.021331787
0.02130127
0.021240234
0.021759033
0.022155762
0.021972656
0.022125244
0.021240234
0.020599365
0.020477295
0.019561768
0.018798828
0.017913818
0.017028809
0.016174316
0.015899658
0.0154418945
0.014434814
0.013763428
0.012817383
0.013031006
0.012664795
0.012176514
0.0121154785
0.012298584
0.011657715
0.011413574
0.010894775
0.009979248
0.009857178
0.010040283
0.010498047
0.009979248
0.009552002
0.007965088
0.0073547363
0.006439209
0.005584717
0.004699707
0.00390625
0.0030822754
0.0015258789
6.4086914E-4
-0.0010986328
-0.0025024414
-0.003326416
-0.0038452148
-0.0039367676
-0.0056152344
-0.006713867
-0.0074768066
-0.008300781
-0.009155273
-0.0099487305
-0.01083374
-0.011413574
-0.011566162
-0.012542725
-0.013244629
-0.014160156
-0.014923096
-0.015777588
-0.016601562
-0.016723633
-0.017425537
-0.018463135
-0.019134521
-0.020233154
-0.021759033
-0.022064209
-0.022094727
-0.021972656
-0.022644043
-0.022857666
-0.023468018
-0.023651123
-0.024383545
-0.025146484
-0.025054932
-0.02508545
-0.02508545
-0.025054932
-0.025177002
-0.024505615
-0.024261475
-0.02432251
-0.02432251
-0.023468018
-0.022857666
-0.022521973
-0.020904541
-0.020324707
-0.019104004
-0.017242432
-0.016143799
-0.014862061
-0.013031006
-0.012207031
-0.0105896
-0.009857178
-0.00881958
-0.007171631
-0.0054626465
-0.0038146973
-0.0020751953
-0.0010070801
3.3569336E-4
0.0014953613
0.002105713
0.0031433105
0.0045776367
0.0054626465
0.0063476562
0.007171631
0.0079956055
0.008758545
0.010070801
0.0113220215
0.011932373
0.012939453
0.013580322
0.01461792
0.015075684
0.015380859
0.016082764
0.017425537
0.018737793
0.019866943
0.02130127
0.0211792
0.022003174
0.022033691
0.022918701
0.02355957
0.023773193
0.024383545
0.024291992
0.024291992
0.024383545
0.02420044
0.024963379
0.024475098
0.024291992
0.024261475
0.023620605
0.023345947
0.021728516
0.021057129
0.020202637
0.019378662
0.018615723
0.017578125
0.017425537
0.016784668
0.016662598
0.01663208
0.01586914
0.015960693
0.015930176
0.01574707
0.01461792
0.01449585
0.013885498
0.013641357
0.013031006
0.0128479
0.012908936
0.012023926
0.011260986
0.010375977
0.009643555
0.008728027
0.007965088
0.007080078
0.006378174
0.004760742
0.0030822754
0.0022277832
0.0013427734
-2.746582E-4
-8.544922E-4
-0.0021362305
-0.0033874512
-0.004547119
-0.0059814453
-0.0066223145
-0.0075683594
-0.008300781
-0.008453369
-0.009185791
-0.010101318
-0.01083374
-0.01171875
-0.012481689
-0.013336182
-0.014129639
-0.014984131
-0.01574707
-0.01663208
-0.017364502
-0.0184021
-0.019104004
-0.020080566
-0.020568848
-0.020721436
-0.022064209
-0.023468018
-0.023529053
-0.024108887
-0.024993896
-0.025146484
-0.025726318
-0.025146484
-0.025909424
-0.025787354
-0.025878906
-0.025787354
-0.025939941
-0.02532959
-0.024993896
-0.025146484
-0.024383545
-0.024261475
-0.02355957
-0.022521973
-0.020996094
-0.020355225
-0.019195557
-0.017333984
-0.016143799
-0.0154418945
-0.014007568
-0.012268066
-0.011444092
-0.009765625
-0.008270264
-0.007293701
-0.0057373047
-0.0050354004
-0.0037841797
-0.0020751953
-4.8828125E-4
0.0012207031
0.0021972656
0.002960205
0.0038146973
0.0046081543
0.0054626465
0.006378174
0.0072021484
0.0079956055
0.008850098
0.009643555
0.010467529
0.011260986
0.012145996
0.012908936
0.01373291
0.013641357
0.014953613
0.016143799
0.017456055
0.018798828
0.019561768
0.019836426
0.020324707
0.021270752
0.022033691
0.022888184
0.023651123
0.023468018
0.023895264
0.024139404
0.023376465
0.02407837
0.024414062
0.023742676
0.023529053
0.023620605
0.022003174
0.022064209
0.020965576
0.0206604
0.020202637
0.019805908
0.019378662
0.018981934
0.018585205
0.01751709
0.01675415
0.015899658
0.015075684
0.015289307
0.014831543
0.014709473
0.014984131
0.014251709
0.014556885
0.014343262
0.014526367
0.013702393
0.013641357
0.0128479
0.012054443
0.011169434
0.010437012
0.009307861
0.0078125
0.0073547363
0.005706787
0.004638672
0.0038452148
0.0023498535
0.001373291
7.6293945E-4
-3.9672852E-4
-0.001739502
-0.0028381348
-0.004272461
-0.004852295
-0.0063476562
-0.008117676
-0.009063721
-0.009857178
-0.010681152
-0.011474609
-0.011352539
-0.011627197
-0.012451172
-0.013305664
-0.014007568
-0.015411377
-0.016571045
-0.017242432
-0.018249512
-0.018341064
-0.019104004
-0.019958496
-0.020721436
-0.021606445
-0.02230835
-0.023620605
-0.024871826
-0.025634766
-0.025939941
-0.025787354
-0.025878906
-0.025787354
-0.025878906
-0.025817871
-0.025878906
-0.025817871
-0.025848389
-0.025878906
-0.025360107
-0.024993896
-0.02456665
-0.024108887
-0.023803711
-0.023223877
-0.022125244
-0.02166748
-0.020141602
-0.01953125
-0.018188477
-0.016296387
-0.015380859
-0.013946533
-0.012268066
-0.011352539
-0.009857178
-0.008911133
-0.0072631836
-0.0067749023
-0.0053100586
-0.004119873
-0.0028381348
-0.0016479492
-3.6621094E-4
7.9345703E-4
