buf 3 of 46 length=1792
-0.046081543
-0.050750732
-0.05529785
-0.059417725
-0.061950684
-0.06414795
-0.066467285
-0.06707764
-0.0680542
-0.06832886
-0.06750488
-0.06668091
-0.06640625
-0.06600952
-0.065093994
-0.064453125
-0.06237793
-0.05996704
-0.056243896
-0.05142212
-0.045196533
-0.03930664
-0.03439331
-0.03012085
-0.026855469
-0.023742676
-0.02178955
-0.020446777
-0.018798828
-0.016662598
-0.014221191
-0.012268066
-0.010528564
-0.008239746
-0.0073242188
-0.0064697266
-0.006225586
-0.0062561035
-0.006286621
-0.006225586
-0.0048828125
-0.0031433105
-9.460449E-4
0.0026245117
0.005706787
0.008331299
0.011047363
0.013549805
0.016906738
0.018585205
0.021362305
0.02319336
0.026031494
0.028411865
0.029510498
0.030548096
0.031829834
0.032592773
0.032592773
0.031158447
0.029632568
0.028625488
0.028076172
0.028503418
0.02709961
0.026428223
0.02557373
0.024932861
0.024108887
0.023468018
0.022155762
0.021148682
0.01977539
0.018951416
0.018127441
0.017578125
0.018341064
0.019378662
0.020568848
0.02017212
0.020599365
0.019012451
0.016540527
0.014892578
0.014678955
0.014038086
0.014038086
0.014862061
0.014709473
0.016204834
0.01828003
0.019744873
0.020874023
0.021484375
0.022369385
0.022979736
0.023895264
0.026031494
0.029510498
0.03387451
0.03781128
0.040985107
0.043121338
0.044921875
0.043914795
0.04284668
0.041015625
0.039215088
0.037902832
0.03616333
0.034973145
0.033843994
0.032562256
0.031982422
0.030792236
0.028808594
0.026031494
0.022277832
0.017822266
0.013122559
0.008728027
0.004699707
2.1362305E-4
-0.0031738281
-0.005004883
-0.008331299
-0.011566162
-0.015625
-0.019836426
-0.024108887
-0.02822876
-0.032592773
-0.036346436
-0.040405273
-0.044830322
-0.04876709
-0.053649902
-0.057556152
-0.06149292
-0.06427002
-0.066345215
-0.06878662
-0.07019043
-0.07092285
-0.07058716
-0.07019043
-0.06991577
-0.06906128
-0.06832886
-0.067596436
-0.0663147
-0.06478882
-0.0619812
-0.057281494
-0.051940918
-0.04586792
-0.04058838
-0.035247803
-0.03152466
-0.028533936
-0.025848389
-0.024291992
-0.022125244
-0.020385742
-0.018249512
-0.016571045
-0.015106201
-0.01260376
-0.010894775
-0.010223389
-0.009674072
-0.009918213
-0.009307861
-0.009155273
-0.008544922
-0.0069885254
-0.0054626465
-0.003112793
-3.0517578E-5
0.003112793
0.0061035156
0.009246826
0.011871338
0.013946533
0.016967773
0.019348145
0.02166748
0.023956299
0.025512695
0.026947021
0.028717041
0.030700684
0.030578613
0.029754639
0.029022217
0.02822876
0.02746582
0.027282715
0.026763916
0.02658081
0.025878906
0.025909424
0.024719238
0.023529053
0.022399902
0.021209717
0.020629883
0.01977539
0.019042969
0.01889038
0.018981934
0.018981934
0.020080566
0.021484375
0.021575928
0.020690918
0.019622803
0.017852783
0.017059326
0.016204834
0.015563965
0.015472412
0.016296387
0.016967773
0.017974854
0.019470215
0.021392822
0.023468018
0.02444458
0.024749756
0.024536133
0.026519775
0.02960205
0.033477783
0.037261963
0.041107178
0.044769287
0.04724121
0.04788208
0.047454834
0.04611206
0.04458618
0.043060303
0.04147339
0.039794922
0.03781128
0.037078857
0.036224365
0.03439331
0.033569336
0.031402588
0.028289795
0.02420044
0.01940918
0.014831543
0.010375977
0.0063476562
0.0030212402
4.8828125E-4
-0.0024719238
-0.0062561035
-0.0105896
-0.014678955
-0.019470215
-0.023376465
-0.027252197
-0.031036377
-0.034820557
-0.038848877
-0.043426514
-0.048065186
-0.05230713
-0.056152344
-0.059631348
-0.062469482
-0.065704346
-0.06738281
-0.068878174
-0.068847656
-0.06893921
-0.068725586
-0.0680542
-0.066833496
-0.06567383
-0.064971924
-0.06427002
-0.062408447
-0.059387207
-0.054992676
-0.049591064
-0.044189453
-0.03894043
-0.0345459
-0.031433105
-0.028900146
-0.026000977
-0.02432251
-0.022827148
-0.021240234
-0.019805908
-0.017364502
-0.014556885
-0.012969971
-0.011749268
-0.010955811
-0.010528564
-0.010498047
-0.011077881
-0.010894775
-0.00982666
-0.008636475
-0.006225586
-0.004058838
-7.324219E-4
0.0018920898
0.004638672
0.007080078
0.008728027
0.011230469
0.013397217
0.01638794
0.018249512
0.019622803
0.022064209
0.02407837
0.025756836
0.026641846
0.025634766
0.024993896
0.024169922
0.0234375
0.022644043
0.021911621
0.021820068
0.021820068
0.020965576
0.020324707
0.019439697
0.018859863
0.017578125
0.016479492
0.0152282715
0.014190674
0.0134887695
0.0132751465
0.014099121
0.014892578
0.01651001
0.016815186
0.015930176
0.015258789
0.013916016
0.012878418
0.012145996
0.0119018555
0.011993408
0.011962891
0.01272583
0.013519287
0.015350342
0.017669678
0.019744873
0.020904541
0.021270752
0.02142334
0.02355957
0.025268555
0.028045654
0.03265381
0.037231445
0.040863037
0.04385376
0.04550171
0.046020508
0.045074463
0.04385376
0.042755127
0.040985107
0.04034424
0.038635254
0.037322998
0.036468506
0.035858154
0.03475952
0.033325195
0.030883789
0.027832031
0.023834229
0.019012451
0.014465332
0.010528564
0.007507324
0.0044555664
0.0014038086
-0.0018920898
-0.00592041
-0.009155273
-0.013122559
-0.017456055
-0.021026611
-0.02508545
-0.028808594
-0.03265381
-0.036468506
-0.041381836
-0.045562744
-0.049713135
-0.054107666
-0.057495117
-0.060058594
-0.062347412
-0.06347656
-0.0640564
-0.064941406
-0.06478882
-0.0640564
-0.06323242
-0.06253052
-0.061676025
-0.061065674
-0.059753418
-0.05783081
-0.05368042
-0.048950195
-0.043701172
-0.03829956
-0.03378296
-0.029266357
-0.025726318
-0.022766113
-0.019805908
-0.018554688
-0.017364502
-0.015777588
-0.01373291
-0.0113220215
-0.009033203
-0.007659912
-0.00680542
-0.0053100586
-0.0060424805
-0.0063476562
-0.006439209
-0.0058288574
-0.0051574707
-0.0031433105
-0.0014343262
6.1035156E-5
0.0024719238
0.0056152344
0.008392334
0.010986328
0.013977051
0.017303467
0.018859863
0.019989014
0.021606445
0.024383545
0.026794434
0.027740479
0.028930664
0.027954102
0.027282715
0.026519775
0.025421143
0.023712158
0.02218628
0.021728516
0.021942139
0.021148682
0.020477295
0.02029419
0.018676758
0.018554688
0.017791748
0.016479492
0.015563965
0.013793945
0.012786865
0.0132751465
0.013580322
0.0140686035
0.015777588
0.016082764
0.015380859
0.014312744
0.012969971
0.012390137
0.011505127
0.011230469
0.011383057
0.0105896
0.0113220215
0.012176514
0.014678955
0.016479492
0.01751709
0.018737793
0.019470215
0.020111084
0.021972656
0.023803711
0.026489258
0.030395508
0.034973145
0.03869629
0.04171753
0.04333496
0.043121338
0.042938232
0.041534424
0.040008545
0.038482666
0.03692627
0.03540039
0.0345459
0.03387451
0.03286743
0.03164673
0.030426025
0.02758789
0.02420044
0.01977539
0.015106201
0.010498047
0.0065307617
0.002746582
5.187988E-4
-0.002960205
-0.0065307617
-0.009796143
-0.013702393
-0.017913818
-0.022247314
-0.02545166
-0.028411865
-0.032196045
-0.035308838
-0.039276123
-0.04385376
-0.048583984
-0.052825928
-0.05697632
-0.06112671
-0.0635376
-0.06549072
-0.0663147
-0.067108154
-0.06713867
-0.066467285
-0.06564331
-0.064819336
-0.064331055
-0.064208984
-0.06286621
-0.061462402
-0.05911255
-0.054748535
-0.04949951
-0.04345703
-0.03869629
-0.034118652
-0.029541016
-0.026000977
-0.023071289
-0.02130127
-0.019683838
-0.018188477
-0.016174316
-0.014282227
-0.012329102
-0.009094238
-0.007751465
-0.006866455
-0.006378174
-0.006225586
-0.0065612793
-0.0055236816
-0.00491333
-0.004119873
-0.0023498535
-9.765625E-4
0.0013427734
0.0037231445
0.00592041
0.008605957
0.0121154785
0.014556885
0.017242432
0.01828003
0.020568848
0.02279663
0.025299072
0.02734375
0.027740479
0.028900146
0.0289917
0.027801514
0.026672363
0.02545166
0.024291992
0.023498535
0.023406982
0.022705078
0.022613525
0.022521973
0.0211792
0.020324707
0.019805908
0.018341064
0.016571045
0.015594482
0.014312744
0.014160156
0.015289307
0.016296387
0.016937256
0.017700195
0.016815186
0.016143799
0.015319824
0.01461792
0.013824463
0.013000488
0.012207031
0.011993408
0.01260376
0.013427734
0.015716553
0.018005371
0.019348145
0.019989014
0.020935059
0.0211792
0.021575928
0.022735596
0.025909424
0.029968262
0.033721924
0.03829956
0.0413208
0.042663574
0.04345703
0.044006348
0.043670654
0.04257202
0.04043579
0.03857422
0.037017822
0.03616333
0.034820557
0.03387451
0.033203125
0.032287598
0.030578613
0.027648926
0.023284912
0.018585205
0.013977051
0.00982666
0.0067749023
0.0028686523
-6.1035156E-5
-0.0026855469
-0.006378174
-0.009552002
-0.013580322
-0.017333984
-0.021270752
-0.025024414
-0.029418945
-0.034118652
-0.03805542
-0.041778564
-0.04586792
-0.05029297
-0.05432129
-0.057769775
-0.06100464
-0.06311035
-0.06506348
-0.066589355
-0.067108154
-0.066833496
-0.06576538
-0.06524658
-0.064208984
-0.0637207
-0.06350708
-0.06262207
-0.0602417
-0.056640625
-0.051849365
-0.046142578
-0.04220581
-0.03692627
-0.032409668
-0.028442383
-0.024902344
-0.02267456
-0.020477295
-0.019226074
-0.017120361
-0.014892578
-0.012512207
-0.01083374
-0.00869751
-0.007019043
-0.006378174
-0.006225586
-0.005584717
-0.0058288574
-0.0053100586
-0.0049438477
-0.004272461
-0.0018615723
-2.746582E-4
0.001953125
0.0049438477
0.0073242188
0.010498047
0.013183594
0.014709473
0.016204834
0.018066406
0.020568848
0.022705078
0.025177002
0.0262146
0.026885986
0.026885986
0.026153564
0.025299072
0.02456665
0.023590088
0.022125244
0.022033691
0.021514893
0.020751953
0.019866943
0.019226074
0.01763916
0.017089844
0.016723633
0.015380859
0.014343262
0.013031006
0.012451172
0.011871338
0.012664795
0.0132751465
0.014770508
0.014862061
0.014160156
0.0132751465
0.012817383
0.012481689
0.010772705
0.010803223
0.010070801
0.010375977
0.011260986
0.012664795
0.014160156
0.015838623
0.017913818
0.018737793
0.019165039
0.019378662
0.020507812
0.022857666
0.026153564
0.029693604
0.03375244
0.03677368
0.039215088
0.04144287
0.042785645
0.0423584
0.0418396
0.04019165
0.03845215
0.038146973
0.036010742
0.03427124
0.03338623
0.03201294
0.03186035
0.030181885
0.027679443
0.02432251
0.020385742
0.016540527
0.0126953125
0.0087890625
0.005432129
0.0024108887
-7.019043E-4
-0.0038452148
-0.0076904297
-0.011627197
-0.015380859
-0.01940918
-0.022735596
-0.02670288
-0.03100586
-0.034698486
-0.03869629
-0.041900635
-0.0463562
-0.051086426
-0.054656982
-0.05783081
-0.06060791
-0.0630188
-0.06460571
-0.06466675
-0.06466675
-0.06472778
-0.06338501
-0.0625
-0.061767578
-0.06112671
-0.060913086
-0.058898926
-0.056427002
-0.052490234
-0.047576904
-0.043182373
-0.037902832
-0.032440186
-0.027679443
-0.02319336
-0.02017212
-0.018127441
-0.016571045
-0.015014648
-0.013214111
-0.010284424
-0.0076904297
-0.005340576
-0.004272461
-0.0029907227
-0.0019836426
-7.6293945E-4
-7.324219E-4
-8.239746E-4
-5.79834E-4
6.713867E-4
0.0022277832
0.0038452148
0.0053100586
0.008026123
0.011260986
0.013641357
0.015777588
0.017547607
0.019622803
0.021362305
0.023742676
0.02609253
0.02835083
0.031311035
0.03277588
0.03262329
0.03274536
0.031799316
0.03036499
0.028717041
0.027435303
0.026733398
0.025970459
0.025177002
0.02432251
0.024261475
0.023040771
0.022735596
0.022064209
0.020355225
0.019073486
0.018249512
0.017456055
0.016998291
0.017486572
0.01828003
0.019104004
0.019348145
0.017852783
0.017089844
0.016296387
0.01638794
0.015136719
0.014160156
0.013946533
0.013458252
0.013519287
0.014465332
0.016204834
0.017700195
0.019958496
0.020690918
0.021514893
0.02130127
0.021636963
0.022521973
0.02508545
0.028137207
0.03189087
0.035125732
0.038269043
0.04058838
0.04147339
0.041931152
0.04135132
0.041046143
0.039031982
0.036590576
0.034729004
0.03326416
0.031707764
0.030700684
0.030029297
0.02911377
0.026916504
0.024169922
0.020385742
0.015960693
0.010467529
0.0069274902
0.0033874512
-1.5258789E-4
-0.0030212402
-0.0068969727
-0.01071167
-0.014770508
-0.018432617
-0.021575928
-0.025634766
-0.029510498
-0.033416748
-0.037231445
-0.041137695
-0.044921875
-0.049560547
-0.05343628
-0.057403564
-0.061157227
-0.06442261
-0.06796265
-0.07006836
-0.07211304
-0.07159424
-0.071380615
-0.070373535
-0.068603516
-0.068573
-0.06851196
-0.06762695
-0.06607056
-0.064208984
-0.060577393
-0.0569458
-0.052124023
-0.046569824
-0.041168213
-0.03567505
-0.031585693
-0.027832031
-0.02456665
-0.021820068
-0.020263672
-0.018585205
-0.015777588
-0.013061523
-0.010772705
-0.008880615
-0.0074768066
-0.0050964355
-0.0043029785
-0.0043029785
-0.0043640137
-0.004058838
-0.002319336
-8.239746E-4
7.9345703E-4
0.0022277832
0.004333496
0.0066223145
0.009674072
0.01272583
0.015136719
0.018249512
0.020385742
0.021942139
0.024810791
0.02722168
0.0289917
0.03161621
0.032165527
0.03201294
0.032104492
0.03201294
0.031341553
0.03048706
0.029846191
0.028930664
0.028259277
0.027404785
0.027069092
0.027191162
0.026641846
0.025756836
0.024963379
0.0234375
0.021972656
0.02029419
0.019042969
0.019592285
0.02041626
0.021270752
0.021392822
0.022003174
0.022277832
0.022125244
0.02142334
0.020629883
0.019897461
0.018798828
0.017425537
0.017089844
0.01751709
0.018798828
0.02041626
0.022613525
0.024291992
0.02508545
0.025756836
0.025665283
0.025848389
0.027160645
0.030029297
0.03314209
0.036224365
0.039398193
0.041870117
0.04360962
0.044311523
0.04434204
0.043395996
0.041931152
0.040008545
0.03768921
0.035186768
0.03378296
0.033203125
0.032287598
0.030975342
0.029327393
0.02709961
0.023712158
0.019897461
0.01586914
0.01071167
0.0057678223
0.0026550293
-0.0011291504
-0.0044555664
-0.008087158
-0.012054443
-0.01586914
-0.019866943
-0.023712158
-0.02758789
-0.03149414
-0.03543091
-0.03930664
-0.043151855
-0.047698975
-0.051818848
-0.05557251
-0.060272217
-0.064819336
-0.06790161
-0.07092285
-0.07284546
-0.074279785
-0.07409668
-0.07333374
-0.072021484
-0.07092285
-0.07092285
-0.07095337
-0.070007324
-0.06863403
-0.06655884
-0.062438965
-0.058410645
-0.053344727
-0.047180176
-0.04248047
-0.03778076
-0.032470703
-0.028930664
-0.026947021
-0.025024414
-0.023101807
-0.020996094
-0.018127441
-0.015380859
-0.012969971
-0.011199951
-0.009674072
-0.008666992
-0.008544922
-0.007965088
-0.0076904297
-0.0064086914
-0.0064086914
-0.0051879883
-0.003479004
-4.8828125E-4
0.002166748
0.0048828125
0.008148193
0.0105896
0.0128479
0.014526367
0.016784668
0.019378662
0.022399902
0.02456665
0.027038574
0.028961182
0.029510498
0.029296875
0.02947998
0.02798462
0.028045654
0.027740479
0.026306152
0.02557373
0.024993896
0.025115967
0.025054932
0.02508545
0.02508545
0.02508545
0.023864746
0.022766113
0.021484375
0.019744873
0.01965332
0.020111084
0.020477295
0.020751953
0.021270752
0.021575928
0.022094727
0.022369385
0.02154541
0.021453857
0.019927979
0.019134521
0.017425537
0.017547607
0.018218994
0.019836426
0.022369385
0.024719238
0.026519775
0.02658081
0.026550293
0.026672363
0.02758789
0.029449463
0.03173828
0.034484863
0.037628174
0.040802002
0.04296875
0.043701172
0.04449463
0.044525146
0.043640137
0.042022705
0.03945923
0.037597656
0.035614014
0.033935547
0.033447266
0.031951904
0.03048706
0.028839111
0.025817871
0.021881104
0.018005371
0.013092041
0.0087890625
0.0047302246
0.001373291
-0.0022583008
-0.005645752
-0.009399414
-0.0126953125
-0.016479492
-0.0211792
-0.025024414
-0.0289917
-0.03286743
-0.036712646
-0.041107178
-0.045410156
-0.049194336
-0.05319214
-0.05706787
-0.061035156
-0.06478882
-0.06802368
-0.07192993
-0.07449341
-0.0748291
-0.07458496
-0.07318115
-0.07211304
-0.07131958
-0.070617676
-0.069122314
-0.068878174
-0.06741333
-0.06491089
-0.061584473
-0.057434082
-0.05239868
-0.046783447
-0.04135132
-0.036315918
-0.032196045
-0.029632568
-0.027374268
-0.02420044
-0.021881104
-0.018585205
-0.01687622
-0.014587402
-0.01171875
-0.0093688965
-0.008392334
-0.008331299
-0.0071411133
-0.006652832
-0.005493164
-0.0052490234
-0.0046691895
-0.0033874512
-0.002166748
3.3569336E-4
0.002960205
0.006378174
0.008850098
0.011199951
0.0134887695
0.015930176
0.018188477
0.021606445
0.024353027
0.027069092
0.029541016
0.031066895
0.0317688
0.03161621
0.031097412
0.030761719
0.030334473
0.02935791
0.028656006
0.02798462
0.028198242
0.02798462
0.0284729
0.028808594
0.028747559
0.028930664
0.027557373
0.025939941
0.024414062
0.02368164
0.022918701
0.023284912
0.02407837
0.024963379
0.025146484
0.025665283
0.026031494
0.025909424
0.025268555
0.023742676
0.022277832
0.021606445
0.021606445
0.021820068
0.022979736
0.024993896
0.026947021
0.028411865
0.02960205
0.029541016
0.029663086
0.030212402
0.031280518
0.032836914
0.03579712
0.038391113
0.0413208
0.04348755
0.045562744
0.046875
0.047454834
0.04699707
0.046051025
0.043518066
0.04067993
0.039123535
0.036712646
0.035491943
0.033569336
0.032806396
0.030853271
0.029022217
0.02557373
0.021392822
0.016815186
0.012054443
0.007232666
0.0028381348
-0.0010070801
-0.0046691895
-0.0076293945
-0.01071167
-0.015045166
-0.019317627
-0.023773193
-0.027893066
-0.03161621
-0.035858154
-0.040405273
-0.044128418
-0.04849243
-0.052856445
-0.056671143
-0.060638428
-0.064575195
-0.06842041
-0.07180786
-0.0753479
-0.07678223
-0.07702637
-0.076171875
-0.075408936
-0.07455444
-0.073791504
-0.07305908
-0.07217407
-0.07086182
-0.069732666
-0.06674194
-0.063446045
-0.05935669
-0.054260254
-0.04876709
-0.043182373
-0.038116455
-0.034423828
-0.032165527
-0.0289917
-0.02670288
-0.025024414
-0.022766113
-0.020019531
-0.017242432
-0.014709473
-0.013183594
-0.012634277
-0.011657715
-0.011016846
-0.010192871
-0.0093688965
-0.008575439
-0.007751465
-0.006072998
-0.004486084
-0.0016174316
0.0014648438
0.0047912598
0.006866455
0.0087890625
0.0113220215
0.0134887695
0.016815186
0.019714355
0.022338867
0.025268555
0.02746582
0.02810669
0.0284729
0.028930664
0.028808594
0.028289795
0.028076172
0.027557373
0.027313232
0.02670288
0.02658081
0.025665283
0.02670288
0.027618408
0.027435303
0.027008057
0.02609253
0.025421143
0.024505615
0.023773193
0.023895264
0.024719238
0.025604248
0.026275635
0.027191162
0.02746582
0.027526855
0.026855469
0.026184082
0.025238037
0.023986816
0.023651123
0.023406982
0.024810791
0.026000977
0.028656006
0.030548096
0.031707764
0.032287598
0.033203125
0.03326416
0.0340271
0.03475952
0.036712646
0.039978027
0.04309082
0.04626465
0.049072266
0.050933838
0.052001953
0.051513672
0.050628662
0.04916382
0.046875
0.045135498
0.042907715
0.041503906
0.03970337
0.03866577
0.03753662
0.03543091
0.03250122
0.02798462
0.023162842
0.019317627
0.015197754
0.010803223
0.0076904297
0.003326416
6.1035156E-5
-0.0038757324
-0.008880615
-0.013000488
-0.016845703
-0.020843506
-0.024749756
-0.027893066
-0.031921387
-0.035858154
-0.03970337
-0.044006348
-0.04852295
-0.05215454
-0.056793213
-0.06149292
-0.066223145
-0.06945801
-0.0725708
-0.07388306
-0.07385254
-0.073638916
-0.07266235
-0.07199097
-0.07104492
-0.071014404
-0.06976318
-0.06866455
-0.066711426
-0.0647583
-0.060943604
-0.056732178
-0.050994873
-0.046051025
-0.042297363
-0.03817749
-0.03491211
-0.031677246
-0.029815674
-0.028320312
-0.025848389
-0.022827148
-0.020477295
-0.018310547
-0.01675415
-0.015472412
-0.014831543
-0.013519287
-0.012329102
-0.012329102
-0.011657715
-0.010894775
-0.010009766
-0.009246826
-0.007293701
-0.0051574707
-0.0022277832
1.2207031E-4
0.002105713
0.003967285
0.0059814453
0.008544922
0.01159668
0.015380859
0.01776123
0.020965576
0.022735596
0.023406982
0.024353027
0.024749756
0.024169922
0.023223877
0.022521973
0.022277832
0.021850586
0.020721436
0.020446777
0.020965576
0.02130127
0.021820068
0.02178955
0.021331787
0.020355225
0.019714355
0.01889038
0.01876831
0.018127441
0.019012451
0.01977539
0.020507812
0.021362305
0.022155762
0.02267456
0.021881104
0.021820068
0.02041626
0.01953125
0.018798828
0.019012451
0.020751953
0.022399902
0.024749756
0.026000977
0.027923584
0.02835083
0.028747559
0.029663086
0.029754639
0.031280518
0.033843994
0.0368042
0.039245605
0.042633057
0.04534912
0.047668457
0.049316406
0.048706055
0.048034668
0.046447754
0.04421997
0.042419434
0.040252686
0.038726807
0.03729248
0.036834717
0.035125732
0.03262329
0.029815674
0.026000977
0.022064209
0.018005371
0.013458252
0.009429932
0.005706787
0.0026855469
-7.9345703E-4
-0.0049438477
-0.008758545
-0.012817383
-0.016113281
-0.019897461
-0.023864746
-0.027770996
-0.031799316
-0.035583496
-0.03970337
-0.043518066
-0.047576904
-0.0513916
-0.05596924
-0.06011963
-0.06411743
-0.067230225
-0.06976318
-0.07092285
-0.07028198
-0.07009888
-0.06954956
-0.06942749
-0.06832886
-0.06774902
-0.06628418
-0.06530762
-0.06466675
-0.061676025
-0.057525635
-0.052734375
-0.046966553
-0.04208374
-0.03793335
-0.033294678
-0.030395508
-0.028259277
-0.025146484
-0.023345947
-0.021087646
-0.018615723
-0.016418457
-0.014862061
-0.013214111
-0.012268066
-0.012237549
-0.010650635
-0.009613037
-0.00894165
-0.008026123
-0.007965088
-0.0071411133
-0.005584717
-0.0030822754
-8.544922E-4
0.0020141602
0.004425049
0.006225586
0.008300781
0.010192871
0.012756348
0.015625
0.018951416
0.021148682
0.023712158
0.024749756
0.026000977
0.026885986
0.026763916
0.026489258
0.025543213
0.024871826
0.023376465
0.022491455
0.021728516
0.021850586
0.022705078
0.023376465
0.022918701
0.022125244
0.021209717
0.020965576
0.020599365
0.019622803
0.019592285
0.019592285
0.020507812
0.0211792
0.022094727
0.022491455
0.022521973
0.022399902
0.022705078
0.020904541
0.019592285
0.018951416
0.01876831
0.018859863
0.019958496
0.022277832
0.023925781
0.026397705
0.026947021
0.026916504
0.026855469
0.027404785
0.02822876
0.030426025
0.032958984
0.036193848
0.039245605
0.04257202
0.045074463
0.04650879
0.047851562
0.047546387
0.046081543
0.04446411
0.042175293
0.03982544
0.03829956
0.036743164
0.036132812
0.035125732
0.033050537
0.030731201
0.027923584
0.024169922
0.019439697
0.0154418945
0.0115356445
0.008392334
0.0050354004
0.0010986328
-0.00289917
-0.0064697266
-0.009918213
-0.0140686035
-0.017913818
-0.02130127
-0.025054932
-0.029144287
-0.033721924
-0.037628174
-0.040802002
-0.045013428
-0.04876709
-0.053100586
-0.058044434
-0.061676025
-0.06472778
-0.067352295
-0.06958008
-0.06982422
-0.06958008
-0.068847656
-0.06793213
-0.06726074
-0.06643677
-0.06567383
-0.0647583
-0.06417847
-0.06201172
-0.058929443
-0.055023193
-0.05026245
-0.045410156
-0.039978027
-0.035491943
-0.03189087
-0.029083252
-0.027435303
-0.025268555
-0.022827148
-0.019836426
-0.017364502
-0.015075684
-0.013641357
-0.012664795
-0.011260986
-0.010559082
-0.009765625
-0.009002686
-0.0082092285
-0.007293701
-0.007232666
