buf 4 of 46 length=1792
-0.0058288574
-0.0035705566
-0.0018310547
5.493164E-4
0.0029296875
0.0049743652
0.00680542
0.0093688965
0.011169434
0.013214111
0.016326904
0.019439697
0.021911621
0.024230957
0.025665283
0.026153564
0.026184082
0.025878906
0.024902344
0.02432251
0.022888184
0.02178955
0.0211792
0.021026611
0.021942139
0.022460938
0.022583008
0.022247314
0.021606445
0.020233154
0.019134521
0.0184021
0.018127441
0.018188477
0.018920898
0.019592285
0.01965332
0.020599365
0.0211792
0.020996094
0.021270752
0.02017212
0.019104004
0.017791748
0.01727295
0.01751709
0.018157959
0.019927979
0.022369385
0.024536133
0.025970459
0.027496338
0.027618408
0.028076172
0.028839111
0.030273438
0.032562256
0.034942627
0.03741455
0.040740967
0.04446411
0.0463562
0.048034668
0.048950195
0.04827881
0.047027588
0.044647217
0.043060303
0.041412354
0.040649414
0.039764404
0.03817749
0.03652954
0.035125732
0.032806396
0.02947998
0.025390625
0.020904541
0.017822266
0.013824463
0.010070801
0.0068359375
0.0037841797
3.0517578E-4
-0.0036621094
-0.0076904297
-0.011291504
-0.014282227
-0.018066406
-0.022003174
-0.025909424
-0.029968262
-0.032989502
-0.03640747
-0.04046631
-0.045440674
-0.049682617
-0.05407715
-0.058410645
-0.061920166
-0.06387329
-0.06411743
-0.06451416
-0.064208984
-0.064453125
-0.06304932
-0.06222534
-0.06173706
-0.061523438
-0.060668945
-0.059417725
-0.057159424
-0.054229736
-0.049468994
-0.044006348
-0.038513184
-0.033966064
-0.030212402
-0.027374268
-0.024749756
-0.021728516
-0.020141602
-0.017913818
-0.015594482
-0.013214111
-0.012329102
-0.010620117
-0.009307861
-0.008331299
-0.0068969727
-0.0062561035
-0.005554199
-0.0064697266
-0.006011963
-0.0057678223
-0.004638672
-0.002105713
1.8310547E-4
0.0026550293
0.0048828125
0.0062561035
0.008239746
0.010650635
0.012939453
0.015808105
0.019104004
0.022125244
0.024139404
0.025299072
0.025634766
0.02609253
0.026306152
0.02557373
0.02432251
0.023223877
0.021392822
0.020507812
0.019683838
0.019561768
0.02041626
0.020233154
0.019714355
0.01940918
0.017578125
0.017608643
0.016571045
0.015960693
0.015563965
0.015197754
0.014709473
0.014434814
0.015472412
0.016113281
0.017089844
0.017425537
0.017303467
0.015930176
0.014709473
0.014129639
0.012664795
0.012268066
0.013214111
0.015380859
0.017913818
0.020080566
0.021514893
0.02178955
0.022247314
0.02267456
0.022979736
0.024475098
0.026519775
0.029876709
0.032928467
0.036254883
0.039001465
0.040527344
0.04196167
0.042388916
0.041625977
0.039245605
0.03744507
0.03591919
0.035003662
0.033477783
0.03274536
0.031799316
0.03012085
0.0284729
0.025482178
0.022491455
0.018676758
0.015258789
0.011657715
0.008178711
0.004486084
0.0012207031
-0.002105713
-0.0059509277
-0.00894165
-0.012359619
-0.015289307
-0.019042969
-0.022979736
-0.026397705
-0.02947998
-0.033477783
-0.03717041
-0.04067993
-0.044281006
-0.047973633
-0.052734375
-0.05770874
-0.061187744
-0.06335449
-0.06536865
-0.06616211
-0.066345215
-0.06549072
-0.06466675
-0.06314087
-0.06262207
-0.0625
-0.06112671
-0.06011963
-0.05847168
-0.055480957
-0.051086426
-0.046783447
-0.041625977
-0.036621094
-0.032165527
-0.028259277
-0.02532959
-0.021911621
-0.01928711
-0.016357422
-0.013641357
-0.0119018555
-0.010375977
-0.008758545
-0.007232666
-0.0055236816
-0.0042419434
-0.0032348633
-0.0016479492
-0.0016174316
-0.0010070801
-7.9345703E-4
2.746582E-4
0.0020446777
0.004211426
0.0067443848
0.008880615
0.010559082
0.012023926
0.013702393
0.015380859
0.018554688
0.021087646
0.023986816
0.026641846
0.028289795
0.029937744
0.030578613
0.030578613
0.03048706
0.029418945
0.027679443
0.026153564
0.024505615
0.0234375
0.023345947
0.023925781
0.023468018
0.023254395
0.02255249
0.021514893
0.019897461
0.01852417
0.017913818
0.017089844
0.016235352
0.016021729
0.015472412
0.01586914
0.01626587
0.017547607
0.017486572
0.016479492
0.01586914
0.014587402
0.013366699
0.0126953125
0.01171875
0.012207031
0.013092041
0.015289307
0.016967773
0.018554688
0.01889038
0.019256592
0.019744873
0.020050049
0.020874023
0.022644043
0.02520752
0.027496338
0.030639648
0.033050537
0.036102295
0.03744507
0.038238525
0.03857422
0.037139893
0.035736084
0.033447266
0.03213501
0.030914307
0.029174805
0.028381348
0.027618408
0.025756836
0.023468018
0.020477295
0.016693115
0.013366699
0.009155273
0.00579834
0.002532959
-5.187988E-4
-0.0038452148
-0.008453369
-0.011566162
-0.01473999
-0.017852783
-0.021148682
-0.024108887
-0.027923584
-0.031311035
-0.03503418
-0.03842163
-0.04159546
-0.044036865
-0.048339844
-0.052764893
-0.057037354
-0.06124878
-0.06430054
-0.06707764
-0.06958008
-0.07019043
-0.07006836
-0.068725586
-0.06713867
-0.06616211
-0.06500244
-0.06466675
-0.06298828
-0.062347412
-0.059661865
-0.056488037
-0.052215576
-0.047302246
-0.041992188
-0.037719727
-0.033203125
-0.029083252
-0.025390625
-0.022216797
-0.019073486
-0.01586914
-0.013061523
-0.011291504
-0.009796143
-0.0074768066
-0.00579834
-0.0042419434
-0.0027160645
-0.0020141602
-0.0012207031
-6.4086914E-4
-9.1552734E-4
-2.746582E-4
4.272461E-4
0.0024108887
0.0048217773
0.007293701
0.009521484
0.011352539
0.0134887695
0.015319824
0.01763916
0.020355225
0.023651123
0.026947021
0.028930664
0.030395508
0.032043457
0.032836914
0.03277588
0.031799316
0.030151367
0.028686523
0.026885986
0.026184082
0.025878906
0.02532959
0.025665283
0.024810791
0.024963379
0.023864746
0.02255249
0.021514893
0.020111084
0.019348145
0.01864624
0.01776123
0.017547607
0.017486572
0.018249512
0.01828003
0.018432617
0.018920898
0.018310547
0.017944336
0.016082764
0.0146484375
0.013244629
0.013122559
0.013549805
0.015777588
0.017486572
0.0184021
0.019836426
0.020568848
0.02017212
0.019866943
0.020874023
0.021881104
0.024169922
0.026428223
0.028930664
0.031921387
0.034454346
0.03668213
0.038391113
0.039489746
0.03829956
0.037841797
0.036224365
0.033599854
0.0317688
0.030761719
0.030090332
0.028564453
0.026824951
0.024505615
0.022003174
0.018737793
0.015289307
0.011077881
0.0076293945
0.0045776367
7.9345703E-4
-0.0026550293
-0.005584717
-0.009124756
-0.011932373
-0.014709473
-0.01864624
-0.022857666
-0.026153564
-0.03036499
-0.034301758
-0.037261963
-0.03994751
-0.042938232
-0.046905518
-0.050994873
-0.055633545
-0.059692383
-0.063323975
-0.066589355
-0.06896973
-0.07046509
-0.07107544
-0.07043457
-0.06893921
-0.06802368
-0.06713867
-0.065704346
-0.06488037
-0.064208984
-0.06277466
-0.060058594
-0.055908203
-0.050994873
-0.04574585
-0.04067993
-0.036010742
-0.031158447
-0.027313232
-0.02420044
-0.020935059
-0.018096924
-0.015350342
-0.012481689
-0.010284424
-0.0076904297
-0.0060424805
-0.004425049
-0.0021972656
-4.8828125E-4
8.239746E-4
7.6293945E-4
7.019043E-4
0.0010070801
0.002166748
0.004333496
0.0067443848
0.00970459
0.01171875
0.013763428
0.014862061
0.016326904
0.018096924
0.020751953
0.024108887
0.026824951
0.02911377
0.03164673
0.03338623
0.034973145
0.035827637
0.035858154
0.03475952
0.03250122
0.030944824
0.029632568
0.028961182
0.02798462
0.027709961
0.027801514
0.027709961
0.027801514
0.027038574
0.026367188
0.025238037
0.023895264
0.022949219
0.021453857
0.020874023
0.02041626
0.021057129
0.021820068
0.022064209
0.022613525
0.022827148
0.022460938
0.020843506
0.019073486
0.016601562
0.016479492
0.017028809
0.017181396
0.018798828
0.020355225
0.022033691
0.0234375
0.023529053
0.023376465
0.023712158
0.024505615
0.025604248
0.027282715
0.029266357
0.031829834
0.034118652
0.037231445
0.038879395
0.039733887
0.04031372
0.03918457
0.037261963
0.035064697
0.033721924
0.031921387
0.03100586
0.02960205
0.02798462
0.026275635
0.023986816
0.020507812
0.016845703
0.013244629
0.009613037
0.006134033
0.0024414062
-0.0010070801
-0.005340576
-0.009155273
-0.012573242
-0.01550293
-0.018951416
-0.021850586
-0.025817871
-0.029968262
-0.03338623
-0.037139893
-0.04006958
-0.0440979
-0.047332764
-0.051208496
-0.0552063
-0.0592041
-0.063079834
-0.066101074
-0.06958008
-0.072052
-0.07284546
-0.072052
-0.07196045
-0.07067871
-0.06893921
-0.06820679
-0.067474365
-0.06738281
-0.06637573
-0.06427002
-0.060668945
-0.056274414
-0.051330566
-0.04663086
-0.0418396
-0.037139893
-0.032226562
-0.02835083
-0.024291992
-0.021453857
-0.01876831
-0.015838623
-0.013458252
-0.0115356445
-0.0095825195
-0.006500244
-0.0038757324
-0.0016479492
-5.79834E-4
7.9345703E-4
7.6293945E-4
8.239746E-4
0.002166748
0.0032043457
0.004852295
0.007507324
0.009246826
0.010772705
0.012420654
0.013916016
0.016479492
0.01864624
0.02154541
0.02420044
0.027130127
0.029510498
0.03137207
0.0335083
0.034240723
0.035186768
0.035186768
0.034332275
0.03277588
0.031066895
0.029724121
0.029052734
0.028503418
0.028747559
0.02810669
0.027252197
0.02709961
0.02645874
0.025604248
0.024932861
0.023864746
0.022369385
0.022033691
0.022064209
0.022064209
0.022064209
0.022033691
0.022583008
0.023468018
0.0234375
0.022766113
0.02178955
0.020050049
0.01864624
0.0184021
0.018310547
0.019165039
0.020996094
0.022491455
0.024230957
0.024871826
0.025115967
0.0256958
0.025909424
0.026733398
0.027832031
0.029418945
0.031433105
0.03387451
0.036865234
0.0395813
0.04107666
0.04269409
0.041534424
0.04034424
0.039031982
0.03668213
0.03540039
0.033447266
0.03265381
0.031188965
0.030212402
0.028137207
0.024719238
0.020874023
0.01776123
0.014251709
0.010284424
0.0061950684
0.0027160645
-8.544922E-4
-0.0050354004
-0.009033203
-0.012298584
-0.0154418945
-0.018676758
-0.022003174
-0.025970459
-0.03012085
-0.03375244
-0.037261963
-0.040893555
-0.04434204
-0.048736572
-0.051879883
-0.055877686
-0.06060791
-0.06542969
-0.06896973
-0.071380615
-0.07333374
-0.07342529
-0.073638916
-0.07247925
-0.07128906
-0.070739746
-0.06982422
-0.0690918
-0.068115234
-0.06652832
-0.0647583
-0.060760498
-0.056152344
-0.0519104
-0.046813965
-0.042785645
-0.038116455
-0.033996582
-0.030090332
-0.026855469
-0.022857666
-0.019927979
-0.017456055
-0.0154418945
-0.013641357
-0.010955811
-0.009307861
-0.006958008
-0.005218506
-0.0037231445
-0.0027770996
-0.002166748
-0.002105713
-0.0010070801
6.4086914E-4
0.002532959
0.0050964355
0.007446289
0.009399414
0.010223389
0.01171875
0.014099121
0.01651001
0.018859863
0.021484375
0.024658203
0.026397705
0.028533936
0.03048706
0.031555176
0.03161621
0.031677246
0.030761719
0.029327393
0.028320312
0.026977539
0.026306152
0.026977539
0.026885986
0.026428223
0.026000977
0.025634766
0.025146484
0.024230957
0.023529053
0.021759033
0.021392822
0.021026611
0.020507812
0.020568848
0.020874023
0.022369385
0.02407837
0.02444458
0.023529053
0.022857666
0.021759033
0.02041626
0.019592285
0.019348145
0.020355225
0.02130127
0.02368164
0.025482178
0.026397705
0.027191162
0.028015137
0.027954102
0.02911377
0.030426025
0.03137207
0.03314209
0.035003662
0.037628174
0.039855957
0.042388916
0.044128418
0.044891357
0.044128418
0.043304443
0.0413208
0.039276123
0.037322998
0.035095215
0.034210205
0.03289795
0.030639648
0.02822876
0.025115967
0.021850586
0.018554688
0.014678955
0.011383057
0.0068969727
0.0024414062
-0.0014038086
-0.0056152344
-0.009002686
-0.012054443
-0.016082764
-0.019378662
-0.024169922
-0.027923584
-0.031341553
-0.035217285
-0.038085938
-0.042022705
-0.045410156
-0.049072266
-0.053222656
-0.057861328
-0.0619812
-0.06585693
-0.06893921
-0.07131958
-0.07357788
-0.07455444
-0.07394409
-0.07318115
-0.07183838
-0.07077026
-0.07006836
-0.06918335
-0.06915283
-0.06741333
-0.06478882
-0.0602417
-0.05593872
-0.051239014
-0.04574585
-0.041625977
-0.037506104
-0.03366089
-0.029571533
-0.02557373
-0.022399902
-0.020324707
-0.01864624
-0.017150879
-0.0152282715
-0.012634277
-0.010314941
-0.0078125
-0.006072998
-0.005218506
-0.0043945312
-0.004486084
-0.004211426
-0.0024108887
-0.0010375977
0.0010070801
0.0035095215
0.0054626465
0.0068969727
0.008605957
0.010131836
0.012542725
0.014831543
0.01739502
0.019561768
0.022460938
0.024993896
0.026824951
0.02911377
0.030059814
0.030334473
0.02960205
0.028717041
0.02645874
0.025726318
0.024902344
0.024139404
0.02468872
0.025146484
0.025054932
0.02508545
0.025115967
0.024475098
0.022918701
0.022766113
0.022003174
0.021362305
0.021484375
0.021331787
0.021697998
0.02243042
0.023773193
0.025024414
0.025054932
0.025115967
0.02432251
0.023529053
0.022644043
0.021972656
0.022247314
0.0234375
0.025177002
0.02670288
0.028381348
0.02935791
0.030792236
0.03112793
0.031677246
0.031951904
0.03353882
0.035125732
0.037017822
0.03945923
0.042266846
0.045196533
0.046844482
0.04788208
0.04788208
0.04714966
0.04626465
0.043640137
0.041534424
0.03994751
0.03866577
0.03765869
0.035827637
0.03439331
0.03149414
0.028198242
0.024291992
0.021057129
0.016906738
0.013031006
0.008728027
0.0040893555
5.79834E-4
-0.0026245117
-0.00579834
-0.009613037
-0.013641357
-0.01828003
-0.021728516
-0.025634766
-0.029632568
-0.03262329
-0.0362854
-0.039886475
-0.043518066
-0.04751587
-0.05206299
-0.056396484
-0.06100464
-0.065093994
-0.068115234
-0.070495605
-0.0718689
-0.07208252
-0.07110596
-0.070495605
-0.06906128
-0.067840576
-0.06777954
-0.06777954
-0.06643677
-0.06463623
-0.062164307
-0.05871582
-0.054534912
-0.04940796
-0.04510498
-0.041046143
-0.037719727
-0.03390503
-0.029815674
-0.02658081
-0.02420044
-0.021728516
-0.019561768
-0.017669678
-0.015533447
-0.013946533
-0.012390137
-0.0107421875
-0.009735107
-0.008911133
-0.008178711
-0.007965088
-0.0066223145
-0.005584717
-0.0040283203
-0.0019836426
-2.1362305E-4
3.3569336E-4
0.0016784668
0.00390625
0.0057373047
0.007873535
0.010437012
0.0126953125
0.0152282715
0.017578125
0.020080566
0.022155762
0.023620605
0.025024414
0.02456665
0.023712158
0.022338867
0.0206604
0.019866943
0.019012451
0.01828003
0.018707275
0.019195557
0.019439697
0.02017212
0.019256592
0.019226074
0.018463135
0.017852783
0.01763916
0.017059326
0.016784668
0.016357422
0.017547607
0.019226074
0.020446777
0.021118164
0.022094727
0.021606445
0.02130127
0.020050049
0.019805908
0.020141602
0.02078247
0.022033691
0.023284912
0.024261475
0.02658081
0.028503418
0.02935791
0.030181885
0.03173828
0.03338623
0.0340271
0.036102295
0.038330078
0.04119873
0.044067383
0.04638672
0.048461914
0.049346924
0.05014038
0.048828125
0.04711914
0.045532227
0.043945312
0.04248047
0.041870117
0.04058838
0.038970947
0.036987305
0.03390503
0.030670166
0.026763916
0.0234375
0.020263672
0.016082764
0.012207031
0.0079956055
0.004547119
7.6293945E-4
-0.0026550293
-0.006439209
-0.0099487305
-0.013000488
-0.016967773
-0.020324707
-0.024139404
-0.02758789
-0.031433105
-0.0345459
-0.037963867
-0.042755127
-0.046936035
-0.051574707
-0.055725098
-0.059783936
-0.06283569
-0.064575195
-0.06567383
-0.06576538
-0.065093994
-0.064086914
-0.06399536
-0.06277466
-0.06283569
-0.062072754
-0.061279297
-0.059692383
-0.056396484
-0.05218506
-0.04748535
-0.04360962
-0.03942871
-0.035949707
-0.032226562
-0.028717041
-0.025604248
-0.022949219
-0.020690918
-0.018951416
-0.017547607
-0.01574707
-0.014282227
-0.012207031
-0.0101623535
-0.009002686
-0.008361816
-0.0074157715
-0.008056641
-0.008026123
-0.0066833496
-0.005645752
-0.0041503906
-0.0020751953
-3.6621094E-4
6.713867E-4
0.0024108887
0.00390625
0.005645752
0.0072021484
0.009490967
0.011962891
0.014282227
0.016815186
0.01889038
0.020568848
0.021881104
0.02230835
0.02166748
0.020874023
0.019378662
0.018432617
0.017700195
0.016204834
0.016296387
0.016235352
0.016296387
0.016235352
0.016326904
0.015838623
0.014862061
0.014709473
0.014160156
0.013244629
0.012664795
0.012573242
0.013793945
0.014953613
0.016204834
0.017425537
0.018341064
0.018066406
0.017669678
0.017181396
0.016235352
0.01550293
0.015655518
0.017303467
0.018005371
0.02017212
0.022216797
0.023834229
0.025390625
0.027038574
0.028015137
0.028778076
0.02960205
0.03036499
0.032165527
0.03488159
0.037872314
0.040161133
0.042663574
0.044708252
0.04522705
0.04446411
0.042999268
0.041290283
0.040649414
0.039642334
0.038116455
0.037475586
0.036315918
0.034301758
0.031799316
0.029510498
0.02645874
0.02319336
0.01928711
0.015197754
0.011291504
0.0073242188
0.004272461
8.8500977E-4
-0.002105713
-0.0059509277
-0.009460449
-0.013122559
-0.016693115
-0.019714355
-0.023834229
-0.026916504
-0.030303955
-0.03326416
-0.036895752
-0.040863037
-0.04534912
-0.049835205
-0.053710938
-0.057769775
-0.061798096
-0.064331055
-0.065826416
-0.066589355
-0.0663147
-0.065460205
-0.06466675
-0.06378174
-0.06338501
-0.06362915
-0.06237793
-0.061401367
-0.05847168
-0.05508423
-0.051086426
-0.047027588
-0.04309082
-0.0390625
-0.034942627
-0.031402588
-0.027770996
-0.024139404
-0.021759033
-0.019195557
-0.01776123
-0.015930176
-0.013641357
-0.012176514
-0.010406494
-0.009155273
-0.008422852
-0.008117676
-0.0082092285
-0.008178711
-0.0068969727
-0.0057678223
-0.004425049
-0.003326416
-0.0020446777
-0.0010375977
7.6293945E-4
0.001953125
0.002960205
0.005340576
0.0071411133
0.009338379
0.01184082
0.014160156
0.016693115
0.018951416
0.020385742
0.021972656
0.021850586
0.020996094
0.019683838
0.018005371
0.016479492
0.014770508
0.014770508
0.015625
0.016326904
0.016082764
0.015106201
0.014678955
0.014770508
0.014709473
0.014770508
0.014160156
0.013336182
0.012664795
0.012512207
0.0128479
0.014434814
0.016113281
0.017456055
0.0178833
0.017242432
0.016967773
0.01651001
0.015472412
0.015563965
0.016204834
0.016448975
0.018310547
0.020568848
0.021942139
0.024108887
0.026031494
0.027679443
0.028717041
0.02947998
0.03024292
0.03186035
0.0335083
0.036254883
0.039123535
0.041870117
0.04458618
0.045532227
0.046020508
0.04525757
0.04446411
0.042938232
0.041259766
0.039794922
0.039031982
0.038024902
0.0362854
0.03491211
0.032714844
0.030395508
0.027374268
0.024169922
0.020263672
0.016204834
0.012268066
0.009063721
0.0058288574
0.0026855469
-8.544922E-4
-0.004638672
-0.0076904297
-0.011016846
-0.014160156
-0.017425537
-0.019927979
-0.023803711
-0.0262146
-0.029724121
-0.033691406
-0.03778076
-0.04171753
-0.046203613
-0.05065918
-0.054626465
-0.0579834
-0.06048584
-0.06137085
-0.062194824
-0.061828613
-0.061431885
-0.060821533
-0.059570312
-0.060028076
-0.059295654
-0.058624268
-0.05657959
-0.05404663
-0.05029297
-0.046813965
-0.04296875
-0.03878784
-0.035064697
-0.031707764
-0.027435303
-0.023925781
-0.020751953
-0.018035889
-0.016448975
-0.014709473
-0.0132751465
-0.011505127
-0.010192871
-0.009124756
-0.0077819824
-0.007019043
-0.006591797
-0.006378174
-0.0046691895
-0.0037841797
-0.0028686523
-0.0023498535
-0.002105713
-0.0014343262
-2.4414062E-4
0.0010681152
0.002105713
0.0037231445
0.00592041
0.007904053
0.009307861
0.011657715
0.014099121
0.01638794
0.018127441
0.019226074
0.019165039
0.01928711
0.019012451
0.017486572
0.016448975
0.015106201
0.013397217
0.013305664
0.01260376
0.01260376
0.01260376
0.01260376
0.012573242
0.012664795
0.012207031
0.011260986
0.010528564
0.009674072
0.008850098
0.009613037
0.010498047
0.012268066
0.013580322
0.014465332
0.01449585
0.014038086
0.01373291
0.0126953125
0.011993408
0.012420654
0.012786865
0.014160156
0.015899658
0.017333984
0.019348145
0.02166748
0.024047852
0.024414062
0.024932861
0.025756836
0.02722168
0.028808594
0.031433105
0.034362793
0.037078857
0.03982544
0.0413208
0.04272461
0.043029785
0.04244995
0.04159546
0.040130615
0.039154053
0.039123535
0.03741455
0.036071777
0.03515625
0.033081055
0.030670166
0.02822876
0.025939941
0.022399902
0.018188477
0.014373779
0.010894775
0.007904053
0.0043945312
0.0016479492
-0.0011291504
-0.0042419434
-0.007751465
-0.010131836
-0.013824463
-0.01663208
-0.019744873
-0.022857666
-0.02557373
-0.02923584
-0.032043457
-0.035858154
-0.039215088
-0.04348755
-0.0473938
-0.051574707
-0.05493164
-0.056854248
-0.057647705
-0.05847168
-0.0574646
-0.0569458
-0.056732178
-0.055999756
-0.05633545
-0.055389404
-0.05328369
-0.050231934
-0.046936035
-0.043762207
-0.040496826
-0.03665161
-0.033294678
-0.029144287
-0.025146484
-0.021057129
-0.017486572
-0.014678955
-0.013031006
-0.010681152
-0.00894165
-0.0073242188
-0.005065918
-0.0032043457
-0.0011901855
-4.5776367E-4
6.1035156E-5
2.4414062E-4
0.001373291
0.0014343262
0.0020751953
0.0028686523
0.0036010742
0.0037231445
0.004547119
0.0053100586
0.0063476562
0.008056641
0.009521484
0.0113220215
0.012756348
0.015045166
0.01739502
0.020568848
0.022949219
0.024719238
0.025970459
0.026000977
0.025512695
0.023590088
0.022125244
0.020385742
0.019439697
0.018615723
0.017852783
0.016937256
0.01626587
0.016235352
0.016326904
0.016021729
0.015136719
0.014373779
0.013702393
0.012268066
0.011108398
0.011077881
0.011108398
0.0126953125
0.013427734
0.014373779
0.014892578
0.014892578
0.014556885
0.013580322
0.012878418
0.011962891
0.011810303
0.012573242
0.013397217
0.015106201
0.016540527
0.018341064
0.019561768
0.020507812
0.020721436
0.021636963
0.022827148
0.02407837
0.025939941
0.028076172
0.030670166
0.033111572
0.036254883
0.03717041
0.038391113
0.03778076
0.036468506
0.035247803
0.033996582
0.03353882
0.031799316
0.031066895
0.029144287
0.027038574
0.025390625
0.023620605
0.020568848
0.01751709
0.013641357
0.00970459
0.006134033
0.0032653809
3.3569336E-4
-0.0032043457
-0.006134033
-0.009674072
-0.012268066
-0.01550293
-0.01928711
-0.022369385
-0.025054932
-0.028564453
-0.030914307
-0.034179688
-0.037322998
-0.04071045
-0.044769287
-0.048828125
-0.052886963
-0.056884766
-0.06048584
-0.06323242
-0.06436157
-0.064971924
-0.06448364
-0.06350708
-0.0630188
-0.06274414
-0.06213379
-0.06210327
-0.0602417
-0.05819702
-0.056427002
-0.052459717
-0.049194336
-0.045288086
-0.04119873
-0.037078857
-0.03237915
-0.028381348
-0.024536133
-0.02154541
-0.018035889
-0.015930176
-0.013885498
-0.011962891
-0.009796143
-0.0072631836
-0.00579834
-0.0040893555
-0.003753662
-0.0033569336
-0.0030517578
-0.0026550293
-0.0017700195
-4.5776367E-4
0.0012817383
0.00289917
0.003692627
0.0045166016
0.0062561035
0.007659912
0.008514404
0.010650635
0.0126953125
0.014587402
0.017181396
0.01953125
0.022003174
0.024383545
0.026031494
0.026794434
0.027618408
0.027008057
0.025268555
0.023620605
0.022369385
0.021820068
0.020904541
0.02017212
0.019927979
0.020111084
0.019866943
0.020233154
0.019470215
0.018463135
0.018249512
0.017303467
0.016418457
0.01675415
0.017089844
0.016937256
0.01776123
0.018676758
0.020263672
0.020843506
0.020568848
