buf 5 of 46 length=1792
0.019622803
0.01889038
0.017974854
0.017700195
0.017791748
0.018371582
0.019348145
0.020812988
0.022613525
0.023803711
0.024963379
0.026367188
0.027038574
0.027954102
0.028564453
0.02999878
0.031677246
0.033996582
0.03643799
0.038848877
0.041229248
0.04232788
0.041931152
0.041259766
0.039916992
0.03866577
0.037994385
0.037109375
0.03567505
0.03475952
0.033203125
0.030456543
0.027496338
0.024902344
0.021392822
0.018859863
0.015472412
0.011749268
0.0087890625
0.0047302246
0.0014648438
-0.001739502
-0.005004883
-0.008117676
-0.011657715
-0.01550293
-0.01852417
-0.021881104
-0.024993896
-0.028289795
-0.031433105
-0.03414917
-0.037841797
-0.041381836
-0.04522705
-0.049438477
-0.053222656
-0.057861328
-0.061950684
-0.064575195
-0.06594849
-0.06591797
-0.065979004
-0.064453125
-0.06451416
-0.06430054
-0.0635376
-0.062438965
-0.060760498
-0.058929443
-0.05581665
-0.052642822
-0.049346924
-0.046203613
-0.042144775
-0.037384033
-0.033447266
-0.029296875
-0.025543213
-0.022521973
-0.020812988
-0.018554688
-0.016723633
-0.014007568
-0.011199951
-0.009643555
-0.007293701
-0.006652832
-0.0056152344
-0.0051879883
-0.00491333
-0.004058838
-0.00289917
-0.0012207031
4.272461E-4
0.0014648438
0.002166748
0.0030822754
0.003753662
0.005584717
0.0068969727
0.007873535
0.0099487305
0.012329102
0.014892578
0.017150879
0.02029419
0.022247314
0.024383545
0.02520752
0.02420044
0.023590088
0.022338867
0.021240234
0.019958496
0.018676758
0.018005371
0.017669678
0.017822266
0.018371582
0.0178833
0.018432617
0.01763916
0.017913818
0.017211914
0.01586914
0.015167236
0.01473999
0.014923096
0.015380859
0.016998291
0.016967773
0.017974854
0.018463135
0.01864624
0.018157959
0.01776123
0.017425537
0.017028809
0.017120361
0.017608643
0.018493652
0.02078247
0.022399902
0.023254395
0.024993896
0.026306152
0.026733398
0.026916504
0.028503418
0.02947998
0.031433105
0.033996582
0.036956787
0.038909912
0.04095459
0.041625977
0.041503906
0.041412354
0.03994751
0.03894043
0.03765869
0.035858154
0.034942627
0.033477783
0.031829834
0.029449463
0.027801514
0.024810791
0.020904541
0.0178833
0.014221191
0.010009766
0.006652832
0.0033874512
2.4414062E-4
-0.0032348633
-0.0069274902
-0.010528564
-0.014129639
-0.017852783
-0.021118164
-0.023864746
-0.026672363
-0.029632568
-0.032287598
-0.03527832
-0.039398193
-0.042541504
-0.04586792
-0.05014038
-0.054870605
-0.058746338
-0.06277466
-0.06439209
-0.06515503
-0.064819336
-0.064453125
-0.06399536
-0.06365967
-0.06314087
-0.06277466
-0.061065674
-0.059448242
-0.056274414
-0.05368042
-0.05026245
-0.04660034
-0.04296875
-0.03869629
-0.034851074
-0.030670166
-0.026733398
-0.022705078
-0.020111084
-0.0184021
-0.015380859
-0.012512207
-0.010284424
-0.007751465
-0.006011963
-0.0051574707
-0.0043029785
-0.0028381348
-0.002105713
-0.0011901855
-4.8828125E-4
7.324219E-4
0.0025024414
0.0035705566
0.0041503906
0.00579834
0.006652832
0.008331299
0.009735107
0.010894775
0.013336182
0.01586914
0.017852783
0.019744873
0.02243042
0.024627686
0.02722168
0.028198242
0.028930664
0.028900146
0.02798462
0.027313232
0.026184082
0.02456665
0.023162842
0.023101807
0.022460938
0.022247314
0.022277832
0.02230835
0.022155762
0.021575928
0.021209717
0.019592285
0.019042969
0.018157959
0.017791748
0.0184021
0.019134521
0.020568848
0.021606445
0.022247314
0.022338867
0.022125244
0.021270752
0.020477295
0.019561768
0.01965332
0.020599365
0.021362305
0.02218628
0.02368164
0.025390625
0.02609253
0.02709961
0.028503418
0.029205322
0.030181885
0.030426025
0.03125
0.03375244
0.036071777
0.0385437
0.04083252
0.041778564
0.04144287
0.04083252
0.039520264
0.03829956
0.037109375
0.035949707
0.034698486
0.0335083
0.03225708
0.029632568
0.02746582
0.024719238
0.021606445
0.018066406
0.014221191
0.01083374
0.0064697266
0.003112793
-1.2207031E-4
-0.0033874512
-0.0066223145
-0.011352539
-0.015411377
-0.019439697
-0.023376465
-0.026184082
-0.028930664
-0.032196045
-0.03555298
-0.038635254
-0.04260254
-0.045928955
-0.049194336
-0.053253174
-0.057373047
-0.06225586
-0.065826416
-0.06893921
-0.07028198
-0.071136475
-0.07144165
-0.07077026
-0.06982422
-0.069885254
-0.06903076
-0.068481445
-0.06704712
-0.064971924
-0.062683105
-0.059814453
-0.05657959
-0.052764893
-0.049316406
-0.044281006
-0.04031372
-0.03540039
-0.03164673
-0.029052734
-0.025939941
-0.023712158
-0.02078247
-0.017974854
-0.015625
-0.013061523
-0.011352539
-0.009796143
-0.008880615
-0.008087158
-0.0062561035
-0.0049743652
-0.00390625
-0.0025634766
-0.0019226074
-5.79834E-4
0.001159668
0.0021362305
0.0035705566
0.0051879883
0.00680542
0.008453369
0.0101623535
0.013031006
0.015930176
0.018554688
0.02218628
0.024047852
0.026367188
0.027526855
0.028289795
0.028900146
0.028259277
0.027191162
0.025726318
0.024963379
0.024169922
0.023254395
0.023010254
0.023010254
0.02368164
0.024475098
0.023895264
0.023651123
0.023071289
0.02279663
0.022216797
0.022247314
0.022644043
0.023529053
0.024871826
0.026062012
0.026000977
0.026855469
0.027496338
0.026641846
0.025817871
0.02520752
0.025360107
0.025177002
0.025756836
0.026550293
0.027954102
0.030334473
0.03201294
0.0335083
0.034423828
0.035095215
0.036132812
0.03640747
0.037139893
0.038879395
0.041381836
0.044311523
0.046539307
0.047821045
0.04824829
0.047790527
0.04748535
0.04675293
0.045562744
0.043945312
0.042236328
0.040740967
0.0390625
0.03753662
0.035125732
0.032714844
0.030151367
0.026062012
0.021911621
0.018096924
0.0134887695
0.009399414
0.0059814453
0.0016479492
-0.0016784668
-0.00491333
-0.00881958
-0.012298584
-0.016204834
-0.020324707
-0.023223877
-0.027008057
-0.030548096
-0.03427124
-0.037872314
-0.04159546
-0.04510498
-0.048980713
-0.053863525
-0.05871582
-0.062561035
-0.06689453
-0.06994629
-0.071502686
-0.07241821
-0.07208252
-0.07235718
-0.071502686
-0.07211304
-0.071502686
-0.07055664
-0.06881714
-0.0664978
-0.064941406
-0.061706543
-0.0592041
-0.05569458
-0.052093506
-0.047851562
-0.04269409
-0.038757324
-0.034698486
-0.03237915
-0.029907227
-0.02758789
-0.024963379
-0.02279663
-0.019683838
-0.017425537
-0.015960693
-0.014862061
-0.014190674
-0.013336182
-0.011749268
-0.0101623535
-0.009552002
-0.008361816
-0.0066223145
-0.0053710938
-0.0047912598
-0.0038757324
-0.0032043457
-0.0015563965
3.0517578E-5
0.0026245117
0.004760742
0.0066833496
0.010192871
0.013336182
0.016296387
0.018096924
0.01977539
0.02078247
0.02154541
0.02166748
0.020690918
0.019195557
0.018432617
0.017578125
0.016998291
0.017486572
0.0184021
0.018676758
0.018554688
0.01928711
0.01940918
0.018554688
0.018615723
0.017547607
0.017211914
0.016906738
0.017944336
0.018676758
0.019470215
0.02142334
0.022888184
0.023925781
0.023864746
0.023834229
0.022949219
0.022277832
0.02267456
0.0234375
0.02468872
0.0262146
0.0284729
0.030395508
0.031311035
0.03274536
0.034606934
0.03567505
0.035980225
0.036590576
0.038269043
0.04031372
0.042785645
0.045776367
0.047332764
0.049102783
0.049194336
0.0491333
0.04827881
0.04751587
0.04650879
0.044677734
0.043670654
0.042419434
0.04067993
0.039093018
0.036834717
0.034332275
0.03125
0.027740479
0.023742676
0.019622803
0.015686035
0.011505127
0.007904053
0.0047302246
0.0015258789
-0.0018005371
-0.005584717
-0.009124756
-0.012939453
-0.016418457
-0.020233154
-0.023712158
-0.027557373
-0.030578613
-0.034454346
-0.03793335
-0.041748047
-0.04586792
-0.050598145
-0.055541992
-0.06021118
-0.06326294
-0.06539917
-0.06668091
-0.06744385
-0.06793213
-0.06762695
-0.06845093
-0.06793213
-0.06704712
-0.06625366
-0.06451416
-0.06210327
-0.059692383
-0.05697632
-0.05355835
-0.050598145
-0.04623413
-0.04119873
-0.037017822
-0.033050537
-0.030456543
-0.027252197
-0.024871826
-0.02243042
-0.020233154
-0.018493652
-0.015625
-0.014434814
-0.013153076
-0.011993408
-0.011352539
-0.010375977
-0.009643555
-0.0078125
-0.0065307617
-0.005432129
-0.0040893555
-0.0034179688
-0.0025634766
-0.0013122559
5.79834E-4
0.0013427734
0.0030212402
0.0045166016
0.006286621
0.008605957
0.011474609
0.014343262
0.017120361
0.019714355
0.021057129
0.022399902
0.022369385
0.021759033
0.021514893
0.020874023
0.019805908
0.01828003
0.017822266
0.017913818
0.017852783
0.017913818
0.017822266
0.018493652
0.018676758
0.018554688
0.017852783
0.016998291
0.017242432
0.016937256
0.01776123
0.019073486
0.020233154
0.021575928
0.022125244
0.023162842
0.023040771
0.023284912
0.023773193
0.023071289
0.023132324
0.02331543
0.024597168
0.026367188
0.027252197
0.029205322
0.03125
0.03265381
0.03378296
0.035064697
0.03527832
0.037231445
0.039611816
0.042144775
0.04421997
0.045715332
0.04748535
0.048309326
0.0491333
0.048461914
0.048339844
0.04663086
0.04425049
0.042755127
0.040985107
0.039794922
0.038726807
0.036346436
0.03463745
0.032318115
0.028442383
0.025054932
0.021087646
0.016815186
0.0132751465
0.009521484
0.0058898926
0.002319336
-0.0014648438
-0.0045166016
-0.008483887
-0.012542725
-0.01651001
-0.019836426
-0.024017334
-0.027770996
-0.03100586
-0.034362793
-0.03717041
-0.03970337
-0.04446411
-0.048583984
-0.053375244
-0.058258057
-0.062316895
-0.06518555
-0.06695557
-0.06796265
-0.06817627
-0.06881714
-0.068573
-0.068725586
-0.06863403
-0.06808472
-0.066345215
-0.0640564
-0.06137085
-0.059173584
-0.056396484
-0.05328369
-0.04916382
-0.044708252
-0.040100098
-0.0362854
-0.032684326
-0.028961182
-0.026885986
-0.024932861
-0.021881104
-0.019348145
-0.017242432
-0.015594482
-0.014526367
-0.013305664
-0.011505127
-0.0099487305
-0.008880615
-0.008300781
-0.007965088
-0.0065307617
-0.005554199
-0.0040893555
-0.003540039
-0.002166748
-9.460449E-4
-3.0517578E-4
0.0011901855
0.00289917
0.004486084
0.0069274902
0.009155273
0.011108398
0.014434814
0.016540527
0.019256592
0.020690918
0.021392822
0.021759033
0.020935059
0.020843506
0.01928711
0.018615723
0.018463135
0.01776123
0.017944336
0.017791748
0.018249512
0.019195557
0.019470215
0.018737793
0.017913818
0.017822266
0.017120361
0.018127441
0.018707275
0.020019531
0.021209717
0.022460938
0.02368164
0.024932861
0.026184082
0.02609253
0.026184082
0.025360107
0.025482178
0.02545166
0.026763916
0.02798462
0.0289917
0.030822754
0.032348633
0.034057617
0.03564453
0.03665161
0.037322998
0.038360596
0.039794922
0.041748047
0.044189453
0.046722412
0.048736572
0.050323486
0.051452637
0.05090332
0.050079346
0.04925537
0.047546387
0.046081543
0.045196533
0.043273926
0.042175293
0.040985107
0.038879395
0.036376953
0.034057617
0.030090332
0.026123047
0.022705078
0.018707275
0.014587402
0.010864258
0.007293701
0.0035705566
3.0517578E-5
-0.0043640137
-0.007598877
-0.0115356445
-0.014984131
-0.018798828
-0.022155762
-0.025390625
-0.028747559
-0.031555176
-0.034240723
-0.038024902
-0.042541504
-0.04763794
-0.05230713
-0.05670166
-0.0597229
-0.062469482
-0.064208984
-0.06549072
-0.06643677
-0.06680298
-0.066833496
-0.06628418
-0.06604004
-0.064331055
-0.063446045
-0.06121826
-0.058685303
-0.05633545
-0.053588867
-0.050445557
-0.04660034
-0.041656494
-0.03845215
-0.03503418
-0.03253174
-0.029296875
-0.026947021
-0.024353027
-0.021362305
-0.019561768
-0.017425537
-0.016723633
-0.01473999
-0.0138549805
-0.012390137
-0.0113220215
-0.010559082
-0.009063721
-0.008056641
-0.0074768066
-0.0072631836
-0.006500244
-0.005340576
-0.004119873
-0.002960205
-0.0015869141
-0.0010681152
5.493164E-4
0.0021362305
0.0038452148
0.006134033
0.008758545
0.011993408
0.014038086
0.015686035
0.016967773
0.017120361
0.017120361
0.016693115
0.015045166
0.014923096
0.014160156
0.013336182
0.012512207
0.013092041
0.013153076
0.012908936
0.01373291
0.012786865
0.0126953125
0.013305664
0.013549805
0.012573242
0.012908936
0.0134887695
0.014801025
0.015960693
0.01751709
0.01928711
0.019805908
0.020355225
0.019378662
0.019439697
0.01928711
0.01953125
0.02017212
0.021392822
0.022644043
0.024017334
0.026855469
0.028656006
0.030334473
0.031280518
0.031951904
0.03289795
0.034423828
0.03616333
0.03765869
0.03967285
0.041900635
0.043304443
0.045013428
0.046142578
0.046295166
0.04626465
0.045562744
0.043884277
0.042510986
0.04156494
0.039794922
0.038482666
0.037506104
0.035186768
0.03286743
0.029785156
0.026611328
0.022521973
0.018585205
0.015136719
0.011474609
0.008636475
0.004760742
0.0013427734
-0.0030517578
-0.006500244
-0.009124756
-0.0121154785
-0.015563965
-0.019317627
-0.021972656
-0.025115967
-0.027496338
-0.030181885
-0.03338623
-0.037078857
-0.041259766
-0.04574585
-0.050231934
-0.05407715
-0.05758667
-0.059661865
-0.06088257
-0.06201172
-0.062072754
-0.061798096
-0.062561035
-0.061950684
-0.06060791
-0.059448242
-0.05758667
-0.055389404
-0.053619385
-0.05038452
-0.04714966
-0.043640137
-0.039886475
-0.036315918
-0.032470703
-0.029388428
-0.026641846
-0.023712158
-0.020874023
-0.018066406
-0.015350342
-0.013214111
-0.011444092
-0.010101318
-0.009338379
-0.008544922
-0.0076904297
-0.0068969727
-0.006164551
-0.0053710938
-0.0045166016
-0.0036621094
-0.0020141602
-0.0014953613
-0.0013427734
-3.6621094E-4
3.0517578E-4
0.0016784668
0.00289917
0.0035095215
0.005065918
0.007293701
0.009857178
0.013061523
0.015472412
0.017822266
0.018859863
0.019927979
0.019714355
0.019348145
0.018463135
0.017150879
0.016662598
0.015563965
0.014984131
0.014007568
0.014587402
0.014709473
0.014129639
0.014251709
0.014190674
0.014282227
0.013641357
0.013366699
0.0128479
0.013366699
0.013641357
0.014312744
0.01550293
0.01687622
0.017578125
0.018493652
0.01889038
0.018066406
0.018615723
0.01876831
0.017913818
0.018066406
0.018920898
0.019805908
0.021759033
0.024291992
0.026489258
0.02734375
0.028900146
0.029205322
0.029846191
0.031463623
0.033203125
0.03540039
0.037231445
0.03955078
0.041046143
0.04244995
0.042663574
0.042144775
0.041168213
0.040496826
0.03878784
0.037322998
0.0362854
0.034851074
0.033935547
0.031982422
0.029388428
0.027069092
0.023986816
0.020751953
0.01687622
0.012786865
0.009429932
0.006286621
0.0028381348
-0.0010986328
-0.004211426
-0.007873535
-0.011657715
-0.014221191
-0.017211914
-0.021118164
-0.023895264
-0.026885986
-0.029632568
-0.03262329
-0.035186768
-0.038513184
-0.04208374
-0.046539307
-0.051635742
-0.055389404
-0.05859375
-0.06112671
-0.06271362
-0.06277466
-0.063690186
-0.06427002
-0.06430054
-0.063934326
-0.06314087
-0.061828613
-0.06060791
-0.059509277
-0.057037354
-0.054656982
-0.05203247
-0.047912598
-0.044006348
-0.0395813
-0.034851074
-0.031341553
-0.028137207
-0.024719238
-0.022125244
-0.019104004
-0.016540527
-0.014099121
-0.011749268
-0.0099487305
-0.0077209473
-0.007293701
-0.0059509277
-0.0048217773
-0.0039978027
-0.0032653809
-0.0017700195
-7.6293945E-4
7.019043E-4
0.0016174316
0.002380371
0.0032348633
0.0039978027
0.0048828125
0.005645752
0.0068359375
0.008575439
0.010101318
0.012481689
0.015594482
0.017486572
0.020477295
0.021972656
0.023742676
0.024871826
0.024230957
0.0234375
0.022583008
0.021850586
0.020904541
0.02029419
0.019378662
0.018829346
0.019561768
0.019470215
0.01953125
0.019256592
0.018157959
0.018035889
0.01739502
0.017150879
0.017242432
0.017211914
0.018066406
0.018951416
0.020751953
0.021911621
0.022827148
0.023162842
0.02319336
0.022613525
0.022338867
0.02178955
0.02154541
0.021728516
0.022491455
0.0234375
0.02545166
0.027648926
0.029205322
0.030517578
0.03112793
0.032104492
0.03277588
0.034423828
0.036010742
0.037597656
0.03918457
0.040924072
0.042236328
0.042999268
0.0435791
0.042816162
0.042144775
0.03994751
0.038146973
0.03652954
0.035095215
0.03427124
0.03338623
0.031280518
0.028961182
0.025878906
0.023223877
0.019744873
0.016143799
0.012969971
0.00894165
0.005645752
0.0017089844
-0.0017700195
-0.0056762695
-0.00869751
-0.0121154785
-0.015289307
-0.018707275
-0.021759033
-0.025756836
-0.028381348
-0.030822754
-0.033172607
-0.034973145
-0.038604736
-0.042663574
-0.046844482
-0.050811768
-0.05493164
-0.058502197
-0.061065674
-0.062805176
-0.06362915
-0.06448364
-0.065093994
-0.06484985
-0.06411743
-0.06295776
-0.061157227
-0.059661865
-0.057922363
-0.055786133
-0.053100586
-0.05029297
-0.04650879
-0.042114258
-0.038360596
-0.033966064
-0.030822754
-0.027557373
-0.02407837
-0.022033691
-0.019378662
-0.016601562
-0.014312744
-0.012573242
-0.010925293
-0.009460449
-0.008514404
-0.0067443848
-0.005584717
-0.00491333
-0.003479004
-0.0024108887
-0.0010070801
3.0517578E-5
7.6293945E-4
0.0024414062
0.003112793
0.003967285
0.003479004
0.0045776367
0.005340576
0.0060424805
0.008422852
0.011413574
0.014160156
0.017120361
0.018981934
0.020477295
0.021972656
0.022583008
0.023406982
0.02230835
0.02130127
0.019897461
0.018829346
0.018035889
0.017944336
0.017944336
0.018005371
0.017913818
0.018096924
0.017578125
0.017242432
0.016418457
0.014984131
0.014984131
0.014923096
0.015655518
0.016571045
0.018157959
0.019927979
0.021118164
0.020935059
0.021087646
0.020629883
0.01965332
0.019470215
0.019500732
0.019500732
0.020233154
0.021148682
0.022827148
0.024414062
0.026031494
0.02734375
0.028045654
0.028930664
0.029724121
0.030517578
0.031982422
0.03375244
0.036071777
0.037750244
0.039215088
0.03994751
0.040649414
0.039978027
0.039764404
0.03881836
0.036865234
0.036071777
0.034484863
0.033599854
0.031982422
0.03125
0.02911377
0.026885986
0.023590088
0.019897461
0.016601562
0.014007568
0.010284424
0.0068359375
0.0036315918
-4.272461E-4
-0.0036621094
-0.006866455
-0.010345459
-0.014251709
-0.017333984
-0.02078247
-0.023864746
-0.027191162
-0.029785156
-0.032165527
-0.034698486
-0.037139893
-0.040771484
-0.04458618
-0.04925537
-0.05340576
-0.05645752
-0.059295654
-0.06109619
-0.06201172
-0.06283569
-0.064453125
-0.065093994
-0.0640564
-0.0635376
-0.061920166
-0.059753418
-0.05819702
-0.056640625
-0.054473877
-0.051940918
-0.048828125
-0.044006348
-0.04067993
-0.036621094
-0.03250122
-0.028625488
-0.02557373
-0.022216797
-0.019439697
-0.017059326
-0.014587402
-0.0121154785
-0.009674072
-0.0079956055
-0.0065307617
-0.004760742
-0.0034484863
-0.0026550293
-0.0019226074
-5.493164E-4
6.4086914E-4
0.0012817383
0.0028381348
0.0037841797
0.0045166016
0.005493164
0.006011963
0.0062561035
0.0070495605
0.0082092285
0.00982666
0.011871338
0.015045166
0.01776123
0.020050049
0.02267456
0.023986816
0.02508545
0.02609253
0.025054932
0.02432251
0.023651123
0.022247314
0.021118164
0.020385742
0.01953125
0.019439697
0.018707275
0.018829346
0.019683838
0.019134521
0.018737793
0.0184021
0.017456055
0.016662598
0.016357422
0.017791748
0.018798828
0.019470215
0.020477295
0.020935059
0.021270752
0.021820068
0.02178955
0.021362305
0.02041626
0.01965332
0.01940918
0.020233154
0.020996094
0.021942139
0.023620605
0.025238037
0.026733398
0.026947021
0.027404785
0.028259277
0.029510498
0.03125
0.032806396
0.034484863
0.03616333
0.03857422
0.038879395
0.039123535
0.03829956
0.036987305
0.035858154
0.0340271
0.032470703
0.031433105
0.029968262
0.028411865
0.027526855
0.024749756
0.022644043
0.019348145
0.01550293
0.012451172
0.008575439
0.005065918
0.0012817383
-0.002319336
-0.0061035156
-0.009643555
-0.012329102
-0.015472412
-0.019012451
-0.021575928
-0.025146484
-0.028167725
-0.031555176
-0.03414917
-0.035888672
-0.038238525
-0.04168701
-0.045776367
-0.049804688
-0.053833008
-0.05807495
-0.06137085
-0.06359863
-0.06576538
-0.0664978
-0.0675354
-0.06796265
-0.06762695
-0.06716919
-0.06576538
-0.06472778
-0.06304932
-0.061309814
-0.05996704
-0.056610107
-0.05291748
-0.04916382
-0.045013428
-0.041778564
-0.03753662
-0.033569336
-0.029449463
-0.026977539
-0.023620605
-0.019866943
-0.016662598
-0.013885498
-0.0115356445
-0.00970459
-0.008270264
-0.0065612793
-0.0049438477
-0.0032958984
-0.0016174316
-3.3569336E-4
3.9672852E-4
0.0012207031
0.002532959
0.0043640137
0.0051879883
0.006072998
0.00680542
0.0077209473
0.008544922
0.010375977
0.011444092
0.013031006
0.015716553
0.018066406
0.020568848
0.023010254
0.02545166
0.027160645
0.028656006
0.029266357
0.028930664
0.028289795
0.026977539
0.025756836
0.024932861
0.024719238
0.024139404
0.023956299
0.024017334
0.023132324
0.022277832
0.021728516
0.021575928
0.020507812
0.02017212
0.02029419
0.020111084
0.021484375
0.021850586
0.022460938
0.02420044
0.024780273
0.025878906
0.02609253
0.025115967
0.024383545
0.023468018
0.023223877
0.023223877
0.024505615
0.025604248
0.027069092
0.028778076
0.02935791
0.030426025
0.030944824
0.032470703
0.033081055
0.033843994
0.0357666
0.03656006
0.038146973
0.03982544
0.041290283
0.041137695
0.0413208
0.040924072
0.040130615
0.038909912
0.037139893
0.035583496
0.03387451
0.03237915
0.030731201
0.029083252
0.026428223
0.023101807
0.019866943
0.01651001
0.013366699
0.009552002
0.006072998
0.0021972656
-0.0013122559
-0.0051879883
-0.008636475
-0.011657715
-0.015075684
-0.018218994
-0.021636963
-0.024780273
-0.028259277
-0.030853271
-0.03387451
-0.036468506
-0.038909912
-0.042877197
-0.047210693
-0.051940918
-0.056030273
-0.059753418
-0.06274414
-0.06454468
-0.06680298
-0.06817627
-0.06942749
-0.07058716
-0.07040405
-0.069732666
-0.06866455
-0.0670166
-0.06539917
-0.06350708
-0.060546875
-0.057159424
-0.05407715
-0.0501709
-0.046691895
-0.04345703
-0.03933716
-0.035339355
-0.032318115
-0.028625488
-0.024871826
-0.021575928
-0.018737793
-0.016357422
-0.014434814
-0.012908936
-0.011199951
-0.00970459
-0.008087158
-0.0063476562
-0.0050354004
-0.003967285
-0.0022277832
-5.493164E-4
5.493164E-4
0.0018310547
0.0030517578
0.0036010742
0.004638672
0.0051879883
0.0055236816
0.0072631836
0.008850098
0.0107421875
0.013336182
0.015594482
0.01876831
0.021453857
0.023162842
0.02468872
0.025665283
0.026153564
0.025421143
0.025421143
0.024017334
0.022766113
0.022094727
0.021087646
0.021575928
0.021209717
0.020843506
0.021209717
0.021575928
0.021026611
0.020751953
0.020141602
0.020263672
0.020233154
0.020202637
0.02078247
0.02166748
0.023132324
0.024139404
0.025665283
0.02633667
0.026123047
0.02508545
0.024780273
0.024353027
0.023895264
0.024505615
0.026031494
0.027008057
0.028503418
0.02935791
0.030273438
0.031982422
0.03366089
0.03491211
0.03604126
0.03744507
0.037963867
0.039520264
0.041015625
0.042785645
0.04425049
0.045135498
0.04473877
0.044128418
0.042541504
0.040283203
0.03894043
0.03717041
0.03616333
0.035461426
0.033813477
0.031463623
0.028839111
0.025604248
0.02218628
0.019134521
0.015258789
0.011749268
0.008117676
0.0038146973
3.9672852E-4
