buf 6 of 46 length=1792
-0.0028076172
-0.006225586
-0.010101318
-0.013580322
-0.017364502
-0.020721436
-0.023529053
-0.026367188
-0.02935791
-0.031555176
-0.03475952
-0.03805542
-0.041229248
-0.045318604
-0.04940796
-0.05355835
-0.057434082
-0.060424805
-0.062408447
-0.06399536
-0.06561279
-0.06729126
-0.06689453
-0.06604004
-0.06530762
-0.06442261
-0.063690186
-0.06265259
-0.060668945
-0.058135986
-0.055755615
-0.052886963
-0.048339844
-0.043884277
-0.040649414
-0.03665161
-0.03262329
-0.02947998
-0.027008057
-0.023406982
-0.020751953
-0.017730713
-0.015319824
-0.013916016
-0.012237549
-0.0107421875
-0.009002686
-0.0074157715
-0.0058288574
-0.0051574707
-0.0039978027
-0.0025634766
-0.001953125
-6.1035156E-4
0.0010986328
0.002166748
0.0028686523
0.0038146973
0.0036621094
0.0048828125
0.0061035156
0.0074768066
0.00970459
0.011627197
0.0140686035
0.016937256
0.019866943
0.021514893
0.02319336
0.023254395
0.02319336
0.02230835
0.02154541
0.020690918
0.019866943
0.019073486
0.018188477
0.017852783
0.018615723
0.019439697
0.018798828
0.01864624
0.017852783
0.016967773
0.01638794
0.016540527
0.01638794
0.016906738
0.017791748
0.018554688
0.020050049
0.021057129
0.021697998
0.021911621
0.022521973
0.022491455
0.022460938
0.02255249
0.022338867
0.023468018
0.024719238
0.025299072
0.027008057
0.028503418
0.02947998
0.030090332
0.031311035
0.032592773
0.033691406
0.03540039
0.037506104
0.0395813
0.04043579
0.0413208
0.042785645
0.04284668
0.042785645
0.04159546
0.040252686
0.03918457
0.037719727
0.037200928
0.03567505
0.034088135
0.032409668
0.030090332
0.027496338
0.024230957
0.020935059
0.017730713
0.014312744
0.009918213
0.0065307617
0.0025939941
-8.8500977E-4
-0.0047912598
-0.008239746
-0.011505127
-0.015533447
-0.01864624
-0.021942139
-0.025360107
-0.027862549
-0.029663086
-0.032440186
-0.034606934
-0.038482666
-0.04260254
-0.046722412
-0.050598145
-0.053894043
-0.057037354
-0.05935669
-0.061950684
-0.063964844
-0.06555176
-0.06680298
-0.06625366
-0.06536865
-0.06530762
-0.06448364
-0.06274414
-0.06121826
-0.059326172
-0.056549072
-0.053131104
-0.049987793
-0.046142578
-0.042633057
-0.03942871
-0.035461426
-0.031982422
-0.028076172
-0.024749756
-0.02166748
-0.019317627
-0.016815186
-0.014892578
-0.013305664
-0.011627197
-0.010009766
-0.008361816
-0.0067749023
-0.00592041
-0.0041503906
-0.0027770996
-0.001953125
-0.0012207031
6.1035156E-5
0.001373291
0.001953125
0.0029907227
0.002960205
0.0037841797
0.003692627
0.0049438477
0.0072021484
0.009002686
0.011627197
0.013977051
0.016479492
0.018341064
0.019927979
0.020996094
0.020965576
0.021057129
0.020843506
0.020202637
0.020080566
0.019134521
0.0184021
0.017456055
0.017150879
0.017242432
0.017181396
0.017242432
0.017150879
0.016479492
0.01574707
0.015930176
0.015716553
0.016235352
0.016601562
0.016937256
0.018432617
0.01940918
0.020812988
0.021881104
0.022399902
0.022613525
0.02218628
0.021942139
0.022613525
0.022399902
0.022888184
0.024291992
0.026000977
0.027618408
0.029266357
0.030853271
0.03164673
0.032470703
0.033416748
0.035339355
0.03640747
0.037628174
0.039398193
0.040985107
0.042663574
0.0435791
0.044281006
0.04348755
0.04257202
0.040771484
0.03930664
0.03741455
0.03643799
0.035003662
0.033996582
0.03201294
0.029388428
0.026947021
0.02368164
0.020385742
0.017333984
0.01361084
0.009887695
0.006286621
0.0024108887
-5.493164E-4
-0.004638672
-0.008026123
-0.011962891
-0.015411377
-0.01928711
-0.02243042
-0.024719238
-0.02734375
-0.029541016
-0.032714844
-0.035339355
-0.038909912
-0.043182373
-0.047210693
-0.05130005
-0.054595947
-0.05758667
-0.06008911
-0.06222534
-0.06384277
-0.06515503
-0.065338135
-0.0652771
-0.06539917
-0.063934326
-0.062316895
-0.061401367
-0.059753418
-0.0579834
-0.0552063
-0.051971436
-0.048706055
-0.045043945
-0.04071045
-0.037353516
-0.033355713
-0.030761719
-0.02746582
-0.024261475
-0.020812988
-0.018188477
-0.016418457
-0.014129639
-0.0126953125
-0.010955811
-0.0093688965
-0.0076904297
-0.006072998
-0.0052490234
-0.0043640137
-0.003692627
-0.0025024414
-0.001159668
-3.3569336E-4
-0.0
4.272461E-4
0.001373291
0.0021362305
0.002960205
0.0030822754
0.0046691895
0.0064697266
0.008972168
0.011444092
0.0138549805
0.01638794
0.018371582
0.019256592
0.020721436
0.021118164
0.020874023
0.020263672
0.019165039
0.0178833
0.016998291
0.01651001
0.016571045
0.016571045
0.016540527
0.016601562
0.015930176
0.015777588
0.015075684
0.015075684
0.015045166
0.015106201
0.014984131
0.015686035
0.017578125
0.018981934
0.020721436
0.02166748
0.022460938
0.022491455
0.022491455
0.022460938
0.022644043
0.023590088
0.024353027
0.02520752
0.025970459
0.027313232
0.02911377
0.029968262
0.031555176
0.033172607
0.03488159
0.0362854
0.037231445
0.039093018
0.040527344
0.042785645
0.044769287
0.04574585
0.04650879
0.04663086
0.045684814
0.044189453
0.043273926
0.04147339
0.040161133
0.03955078
0.037872314
0.035064697
0.033416748
0.031066895
0.028656006
0.026062012
0.022888184
0.019348145
0.015625
0.0121154785
0.007904053
0.0038452148
6.1035156E-5
-0.002380371
-0.0061035156
-0.010345459
-0.014312744
-0.016906738
-0.019989014
-0.022338867
-0.024932861
-0.027191162
-0.030212402
-0.033325195
-0.03778076
-0.042266846
-0.045562744
-0.048828125
-0.05218506
-0.0552063
-0.0579834
-0.060455322
-0.061309814
-0.06295776
-0.06298828
-0.06314087
-0.0625
-0.061645508
-0.06085205
-0.059936523
-0.057434082
-0.05517578
-0.052459717
-0.0491333
-0.04562378
-0.04119873
-0.038208008
-0.03540039
-0.031280518
-0.02798462
-0.024597168
-0.021575928
-0.019805908
-0.017456055
-0.014892578
-0.0128479
-0.010864258
-0.008666992
-0.0077209473
-0.007507324
-0.0063171387
-0.005126953
-0.0038146973
-0.0026855469
-0.0012817383
-6.4086914E-4
-9.1552734E-4
-3.0517578E-4
-0.0
4.5776367E-4
0.001373291
0.0021362305
0.0036621094
0.0046081543
0.0062561035
0.007873535
0.009643555
0.012359619
0.014312744
0.016052246
0.017089844
0.017944336
0.018127441
0.018096924
0.017242432
0.01574707
0.014770508
0.013336182
0.013702393
0.013336182
0.014129639
0.0138549805
0.0134887695
0.013000488
0.01272583
0.0121154785
0.011199951
0.011352539
0.011352539
0.012451172
0.013000488
0.014373779
0.015960693
0.01776123
0.018676758
0.019561768
0.01953125
0.019683838
0.019439697
0.020019531
0.021148682
0.021453857
0.023406982
0.024505615
0.025177002
0.02670288
0.027648926
0.029205322
0.031555176
0.03250122
0.033996582
0.03488159
0.036743164
0.038208008
0.04034424
0.04248047
0.043395996
0.04425049
0.04434204
0.043640137
0.04348755
0.04168701
0.040374756
0.03933716
0.037597656
0.035949707
0.03439331
0.032196045
0.029724121
0.02658081
0.023986816
0.020843506
0.01763916
0.014129639
0.0101623535
0.0070495605
0.003692627
3.9672852E-4
-0.0027770996
-0.0066833496
-0.01083374
-0.014221191
-0.01739502
-0.019958496
-0.022033691
-0.023925781
-0.02633667
-0.029205322
-0.03250122
-0.036254883
-0.040405273
-0.044555664
-0.047912598
-0.051239014
-0.05432129
-0.0569458
-0.058929443
-0.0597229
-0.06021118
-0.06021118
-0.059692383
-0.059326172
-0.058929443
-0.057891846
-0.056518555
-0.054656982
-0.052215576
-0.048736572
-0.045684814
-0.041931152
-0.038146973
-0.035003662
-0.031677246
-0.028411865
-0.025115967
-0.021850586
-0.018707275
-0.01626587
-0.013763428
-0.011444092
-0.010223389
-0.009399414
-0.008666992
-0.007293701
-0.0061035156
-0.005493164
-0.0038146973
-0.0022888184
-0.0013122559
2.1362305E-4
9.460449E-4
0.0018310547
0.002319336
0.0021972656
0.0022888184
0.0022277832
0.0022583008
0.00289917
0.0038146973
0.0053710938
0.0071411133
0.009643555
0.012054443
0.01461792
0.016693115
0.017974854
0.017608643
0.017242432
0.016784668
0.01574707
0.015136719
0.014953613
0.014129639
0.013305664
0.012481689
0.011932373
0.012145996
0.011962891
0.012176514
0.011352539
0.0113220215
0.011230469
0.011383057
0.011138916
0.011749268
0.013122559
0.014190674
0.015930176
0.017669678
0.018188477
0.018615723
0.018951416
0.018737793
0.018920898
0.019714355
0.020446777
0.020385742
0.021820068
0.022857666
0.024169922
0.025360107
0.02658081
0.028442383
0.029907227
0.030944824
0.032440186
0.034240723
0.03567505
0.037750244
0.039978027
0.04107666
0.0418396
0.04220581
0.041412354
0.039978027
0.03894043
0.038360596
0.037109375
0.03591919
0.034484863
0.032226562
0.030426025
0.027648926
0.025390625
0.022735596
0.020599365
0.017181396
0.013336182
0.009765625
0.00592041
0.0025634766
-4.5776367E-4
-0.0044555664
-0.0074768066
-0.010894775
-0.01461792
-0.017730713
-0.021057129
-0.022644043
-0.025054932
-0.026672363
-0.029541016
-0.032806396
-0.036132812
-0.03930664
-0.043151855
-0.046783447
-0.049926758
-0.05331421
-0.05569458
-0.058288574
-0.060394287
-0.061157227
-0.061798096
-0.061309814
-0.06048584
-0.059631348
-0.058898926
-0.057403564
-0.055725098
-0.05407715
-0.051605225
-0.04812622
-0.044128418
-0.041015625
-0.037628174
-0.03451538
-0.03060913
-0.027038574
-0.023803711
-0.021240234
-0.018188477
-0.015594482
-0.0132751465
-0.01171875
-0.0099487305
-0.00869751
-0.0075683594
-0.006164551
-0.0056152344
-0.0046081543
-0.0039367676
-0.002960205
-0.0015258789
-5.187988E-4
0.0010070801
0.0015563965
0.0014648438
0.0015258789
0.0014648438
0.0014648438
0.0019836426
0.002960205
0.0043029785
0.0069274902
0.009124756
0.011047363
0.0132751465
0.014923096
0.016235352
0.016998291
0.017486572
0.01675415
0.015991211
0.015106201
0.014343262
0.014251709
0.013397217
0.01272583
0.012939453
0.012451172
0.011993408
0.012084961
0.012054443
0.012023926
0.012084961
0.0113220215
0.0121154785
0.011932373
0.012420654
0.013793945
0.014892578
0.016571045
0.018341064
0.01889038
0.019348145
0.019683838
0.019561768
0.020355225
0.02041626
0.021209717
0.022247314
0.023651123
0.024261475
0.025543213
0.02734375
0.02835083
0.029663086
0.03213501
0.033081055
0.034698486
0.036315918
0.037994385
0.0395813
0.0413208
0.04248047
0.043395996
0.043182373
0.042144775
0.04144287
0.04055786
0.039733887
0.038146973
0.037322998
0.035308838
0.03286743
0.03036499
0.027954102
0.025390625
0.023101807
0.0206604
0.01687622
0.0132751465
0.010345459
0.0065612793
0.002960205
-8.8500977E-4
-0.0040893555
-0.0073242188
-0.011077881
-0.014831543
-0.0178833
-0.020080566
-0.02267456
-0.024139404
-0.026855469
-0.029968262
-0.032440186
-0.036346436
-0.039916992
-0.043762207
-0.046844482
-0.0496521
-0.05319214
-0.05557251
-0.058044434
-0.05871582
-0.059692383
-0.060180664
-0.06021118
-0.05984497
-0.058898926
-0.05819702
-0.056762695
-0.05508423
-0.052764893
-0.049438477
-0.046203613
-0.042877197
-0.03970337
-0.036254883
-0.033233643
-0.029266357
-0.026153564
-0.0234375
-0.019989014
-0.017456055
-0.015075684
-0.013336182
-0.011810303
-0.010009766
-0.0087890625
-0.0076293945
-0.0062561035
-0.005645752
-0.0046691895
-0.003967285
-0.0024108887
-7.6293945E-4
3.0517578E-5
9.1552734E-4
0.0015258789
0.0014648438
0.0014953613
0.0014953613
0.0014953613
0.0014648438
0.0019836426
0.0035705566
0.00592041
0.008483887
0.01083374
0.013336182
0.014434814
0.01574707
0.016693115
0.016571045
0.016143799
0.01574707
0.015350342
0.013549805
0.012878418
0.01272583
0.012939453
0.012542725
0.012023926
0.012023926
0.012145996
0.011566162
0.011230469
0.0113220215
0.011291504
0.011291504
0.012145996
0.012878418
0.013977051
0.015411377
0.016357422
0.018249512
0.019378662
0.019683838
0.019500732
0.020263672
0.020385742
0.021118164
0.021972656
0.022888184
0.02468872
0.026153564
0.027862549
0.0289917
0.030212402
0.031982422
0.033569336
0.034576416
0.036010742
0.037841797
0.039276123
0.041168213
0.042266846
0.043640137
0.044433594
0.04437256
0.04333496
0.042053223
0.041503906
0.03970337
0.03829956
0.037261963
0.035705566
0.03375244
0.03125
0.028778076
0.026489258
0.023498535
0.020721436
0.01776123
0.014251709
0.010437012
0.006958008
0.0039978027
0.0013122559
-0.0022277832
-0.0065612793
-0.010101318
-0.013397217
-0.016143799
-0.0178833
-0.02017212
-0.02279663
-0.025878906
-0.02835083
-0.0317688
-0.03488159
-0.038604736
-0.042388916
-0.045562744
-0.048339844
-0.05130005
-0.05343628
-0.055480957
-0.056640625
-0.057037354
-0.05731201
-0.056793213
-0.05645752
-0.056030273
-0.0552063
-0.053894043
-0.051605225
-0.049041748
-0.046691895
-0.043273926
-0.040222168
-0.036468506
-0.03302002
-0.030273438
-0.02709961
-0.023284912
-0.020141602
-0.01739502
-0.013793945
-0.0121154785
-0.010498047
-0.0087890625
-0.0073242188
-0.0065612793
-0.0057678223
-0.0048828125
-0.004180908
-0.002746582
-0.0016174316
-9.1552734E-4
-6.1035156E-5
7.9345703E-4
0.0015258789
0.0024719238
0.0030212402
0.0030822754
0.00289917
0.003479004
0.003692627
0.0047912598
0.0059509277
0.00793457
0.010620117
0.012145996
0.01473999
0.015991211
0.016906738
0.017364502
0.017364502
0.016937256
0.015991211
0.015289307
0.014343262
0.013641357
0.013458252
0.013641357
0.013336182
0.012817383
0.012573242
0.011657715
0.01083374
0.010467529
0.010620117
0.010528564
0.0105896
0.011291504
0.013061523
0.014434814
0.015472412
0.017181396
0.018615723
0.01876831
0.019348145
0.019622803
0.02017212
0.020446777
0.020996094
0.021972656
0.02267456
0.023620605
0.024291992
0.025482178
0.027191162
0.028778076
0.03048706
0.031463623
0.03213501
0.03378296
0.035369873
0.03704834
0.03866577
0.040161133
0.040802002
0.041625977
0.040374756
0.03933716
0.037902832
0.036834717
0.036071777
0.034576416
0.0335083
0.031188965
0.029724121
0.027893066
0.024871826
0.022064209
0.019195557
0.015808105
0.01260376
0.008636475
0.0051879883
0.0020751953
-5.493164E-4
-0.0037841797
-0.0073242188
-0.0115356445
-0.015319824
-0.018005371
-0.02041626
-0.022949219
-0.024749756
-0.026977539
-0.029663086
-0.03262329
-0.0362854
-0.040100098
-0.043395996
-0.04626465
-0.049041748
-0.05255127
-0.055145264
-0.057617188
-0.05935669
-0.060180664
-0.06097412
-0.06085205
-0.06100464
-0.060638428
-0.059814453
-0.058654785
-0.05645752
-0.053894043
-0.051574707
-0.048309326
-0.04510498
-0.04168701
-0.038635254
-0.03488159
-0.031463623
-0.028625488
-0.024414062
-0.022094727
-0.018798828
-0.016815186
-0.014587402
-0.012786865
-0.011169434
-0.008666992
-0.007385254
-0.006439209
-0.0060424805
-0.00579834
-0.0043640137
-0.0027160645
-0.0010681152
-6.1035156E-5
7.019043E-4
0.0015563965
0.0022583008
0.0022583008
0.0022583008
0.0022277832
0.0024719238
0.0039367676
0.005065918
0.0062561035
0.00869751
0.011108398
0.013641357
0.015960693
0.017700195
0.018951416
0.018737793
0.018920898
0.018463135
0.017578125
0.01675415
0.016479492
0.016662598
0.015808105
0.015930176
0.015655518
0.015075684
0.015014648
0.015197754
0.01461792
0.014343262
0.01373291
0.0140686035
0.014404297
0.014984131
0.016662598
0.017486572
0.019226074
0.020843506
0.02230835
0.022644043
0.022583008
0.022644043
0.02255249
0.023254395
0.024047852
0.024963379
0.026428223
0.027435303
0.028900146
0.029785156
0.03173828
0.032806396
0.0340271
0.035186768
0.035858154
0.03741455
0.039093018
0.04071045
0.0423584
0.043884277
0.044403076
0.044067383
0.043151855
0.0423584
0.04156494
0.040222168
0.03842163
0.03692627
0.035064697
0.032989502
0.031097412
0.028656006
0.026123047
0.023834229
0.020812988
0.017608643
0.013671875
0.010192871
0.0069274902
0.0029907227
-5.187988E-4
-0.0043640137
-0.007873535
-0.01184082
-0.014709473
-0.016998291
-0.020111084
-0.02230835
-0.024353027
-0.027008057
-0.030059814
-0.0335083
-0.03652954
-0.040008545
-0.042999268
-0.046844482
-0.050476074
-0.053863525
-0.056030273
-0.058135986
-0.06011963
-0.06085205
-0.06173706
-0.061584473
-0.06173706
-0.061431885
-0.060638428
-0.059509277
-0.057373047
-0.05480957
-0.052368164
-0.04989624
-0.046783447
-0.043426514
-0.040222168
-0.036834717
-0.033721924
-0.030334473
-0.027526855
-0.024719238
-0.02166748
-0.020019531
-0.017700195
-0.015899658
-0.013580322
-0.0119018555
-0.011230469
-0.010253906
-0.009643555
-0.008331299
-0.0070495605
-0.0063476562
-0.005493164
-0.0046691895
-0.0038452148
-0.0030212402
-0.0022583008
-0.0022277832
-0.002319336
-0.0020446777
-0.0011901855
-9.1552734E-5
0.0017700195
0.0031738281
0.005584717
0.0073547363
0.008972168
0.0113220215
0.012176514
0.012969971
0.013824463
0.014434814
0.013977051
0.013092041
0.012298584
0.011932373
0.012145996
0.011962891
0.012207031
0.0126953125
0.013092041
0.013336182
0.012817383
0.012512207
0.011962891
0.012054443
0.012542725
0.012908936
0.013977051
0.016021729
0.017211914
0.018493652
0.01965332
0.021026611
0.021850586
0.022277832
0.022247314
0.022125244
0.023406982
0.023284912
0.024139404
0.025604248
0.026611328
0.028198242
0.030059814
0.032440186
0.033477783
0.034698486
0.036468506
0.038024902
0.039733887
0.041259766
0.042877197
0.04446411
0.04510498
0.045135498
0.044891357
0.043945312
0.043182373
0.04232788
0.041137695
0.039367676
0.037872314
0.03604126
0.033813477
0.031982422
0.02960205
0.026977539
0.024810791
0.021392822
0.017608643
0.014465332
0.011138916
0.007873535
0.0046081543
5.187988E-4
-0.0025939941
-0.006286621
-0.00982666
-0.012481689
-0.015563965
-0.017852783
-0.020385742
-0.022827148
-0.025268555
-0.028442383
-0.031707764
-0.03515625
-0.039031982
-0.042297363
-0.045166016
-0.04800415
-0.050964355
-0.053375244
-0.055267334
-0.057525635
-0.058044434
-0.058532715
-0.058746338
-0.058624268
-0.058563232
-0.057556152
-0.056671143
-0.054382324
-0.05206299
-0.04901123
-0.045654297
-0.043029785
-0.040100098
-0.03656006
-0.032806396
-0.030212402
-0.026855469
-0.023773193
-0.021606445
-0.018432617
-0.016204834
-0.014160156
-0.0121154785
-0.010772705
-0.009613037
-0.009094238
-0.007843018
-0.0066223145
-0.0054016113
-0.0041503906
-0.0029296875
-0.0016784668
-9.460449E-4
-7.6293945E-4
-9.1552734E-5
3.0517578E-5
8.239746E-4
6.4086914E-4
0.0010375977
0.0014038086
0.002105713
0.003479004
0.0049438477
0.007873535
0.009399414
0.01184082
0.013519287
0.015167236
0.015838623
0.015960693
0.016571045
0.015258789
0.015289307
0.014099121
0.013427734
0.01361084
0.012969971
0.0126953125
0.013000488
0.013305664
0.013061523
0.013336182
0.0128479
0.012390137
0.012390137
0.012939453
0.013214111
0.014251709
0.015625
0.017425537
0.018096924
0.019165039
0.020629883
0.021362305
0.022033691
0.021606445
0.022857666
0.023529053
0.023223877
0.02468872
0.0256958
0.027160645
0.028137207
0.029754639
0.031433105
0.032836914
0.033477783
0.03475952
0.03652954
0.037994385
0.04043579
0.04144287
0.042999268
0.042785645
0.042297363
0.042938232
0.04171753
0.041229248
0.03970337
0.03866577
0.037322998
0.03564453
0.033325195
0.030822754
0.029083252
0.025756836
0.02355957
0.020690918
0.017456055
0.014038086
0.011352539
0.008453369
0.0043945312
9.765625E-4
-0.0029296875
-0.0064697266
-0.010284424
-0.013702393
-0.016601562
-0.019378662
-0.022399902
-0.024719238
-0.027252197
-0.029663086
-0.03213501
-0.03527832
-0.038635254
-0.0418396
-0.045196533
-0.04840088
-0.05178833
-0.0546875
-0.05706787
-0.059173584
-0.06008911
-0.06097412
-0.06100464
-0.061798096
-0.061676025
-0.06088257
-0.059906006
-0.05795288
-0.055358887
-0.05307007
-0.05001831
-0.04675293
-0.043426514
-0.040252686
-0.037475586
-0.03378296
-0.030975342
-0.02810669
-0.024993896
-0.021484375
-0.018859863
-0.015716553
-0.013977051
-0.012908936
-0.011566162
-0.010437012
-0.009094238
-0.008026123
-0.006591797
-0.005645752
-0.003753662
-0.0026855469
-0.0014038086
-1.5258789E-4
5.493164E-4
8.544922E-4
7.019043E-4
0.0015563965
0.0014343262
0.0016479492
0.0024719238
0.003479004
0.005584717
0.008056641
0.0105896
0.012420654
0.014678955
0.015899658
0.01651001
0.017425537
0.017211914
0.017456055
0.016967773
0.01675415
0.017608643
0.016662598
0.017120361
0.016815186
0.016448975
0.016693115
0.016448975
0.01586914
0.015808105
0.01586914
0.015808105
0.01586914
0.016082764
0.017700195
0.01864624
0.020111084
0.02178955
0.0234375
0.024169922
0.025146484
0.025604248
0.025909424
0.026428223
0.026641846
0.027801514
0.027832031
0.0284729
0.02999878
0.031677246
0.032470703
0.034301758
0.03564453
0.036468506
0.03717041
0.038482666
0.04006958
0.04232788
0.04425049
0.045166016
0.04586792
0.046020508
0.04574585
0.045288086
0.044769287
0.043273926
0.04232788
0.040405273
0.038970947
0.036621094
0.034179688
0.032409668
0.030822754
0.028167725
0.024993896
0.02142334
0.017456055
0.014434814
0.010864258
0.008361816
0.004699707
0.0011291504
-0.0026855469
-0.006958008
-0.010894775
-0.014160156
-0.017486572
-0.02053833
-0.022857666
-0.025390625
-0.027801514
-0.03024292
-0.033294678
-0.036712646
-0.039886475
-0.044036865
-0.04714966
-0.05065918
-0.053497314
-0.056121826
-0.0579834
-0.06021118
-0.061706543
-0.062316895
-0.06323242
-0.06399536
-0.06399536
-0.06323242
-0.062072754
-0.059661865
-0.058044434
-0.05493164
-0.05206299
-0.04977417
-0.046691895
-0.04336548
-0.040100098
-0.0368042
-0.03353882
-0.030212402
-0.02709961
-0.024871826
-0.021881104
-0.019317627
-0.017974854
-0.016113281
-0.0152282715
-0.014343262
-0.012878418
-0.011871338
-0.010375977
-0.009613037
-0.008575439
-0.0067749023
-0.005554199
-0.0048828125
-0.0034179688
-0.0028686523
-0.0031433105
-0.00289917
-0.0031738281
-0.0027160645
-0.001373291
-1.5258789E-4
0.002532959
0.004852295
0.007507324
0.009307861
0.011505127
0.013458252
0.014221191
0.014373779
0.013336182
0.012939453
0.013641357
0.0134887695
0.013641357
0.013153076
0.0126953125
0.012878418
0.012756348
0.012878418
0.012756348
0.012878418
0.01272583
0.012939453
0.012634277
0.013458252
0.014801025
0.015899658
0.01776123
0.019226074
0.020996094
0.021820068
0.023498535
0.024139404
0.02520752
0.025543213
0.026000977
0.02633667
0.026824951
0.02709961
0.028167725
0.029388428
0.030700684
0.03253174
0.034088135
0.03567505
0.036468506
0.03842163
0.039733887
0.042053223
0.044006348
0.04559326
0.04663086
0.0473938
0.04748535
0.04660034
0.045806885
0.04498291
0.044189453
0.043151855
0.040893555
0.038909912
0.037322998
0.035736084
0.03338623
0.03161621
0.028320312
0.02520752
0.021514893
0.017974854
0.015289307
0.012329102
0.009155273
0.005218506
0.0017700195
-0.002746582
-0.00579834
-0.009399414
-0.013061523
-0.015808105
-0.018829346
-0.02130127
-0.023620605
-0.026641846
-0.029449463
-0.032287598
-0.03640747
-0.0390625
-0.04296875
-0.046325684
-0.049591064
-0.052734375
-0.05505371
-0.057434082
-0.058288574
-0.05984497
-0.060333252
-0.060791016
-0.06112671
-0.0602417
-0.0602417
-0.058380127
-0.057006836
-0.054901123
-0.052642822
-0.04928589
-0.04550171
-0.04232788
-0.039520264
-0.037261963
-0.03326416
-0.029937744
-0.026733398
-0.024383545
-0.02166748
