buf 7 of 46 length=1792
-0.018463135
-0.016601562
-0.014862061
-0.013793945
-0.012481689
-0.01071167
-0.00982666
-0.009002686
-0.008148193
-0.006500244
-0.0059509277
-0.0046691895
-0.003326416
-0.0026245117
-0.0017700195
-9.1552734E-4
-7.324219E-4
-7.9345703E-4
-3.0517578E-5
9.1552734E-5
0.0018310547
0.0033569336
0.005126953
0.006591797
0.0087890625
0.01071167
0.012878418
0.014343262
0.014251709
0.014343262
0.015106201
0.014953613
0.014251709
0.014312744
0.014343262
0.014190674
0.014831543
0.0146484375
0.014160156
0.014404297
0.014251709
0.014373779
0.014251709
0.014373779
0.014251709
0.014343262
0.014465332
0.016052246
0.016967773
0.018981934
0.020935059
0.022460938
0.023406982
0.02420044
0.024871826
0.024993896
0.025939941
0.02670288
0.027526855
0.028411865
0.028625488
0.029144287
0.030700684
0.032409668
0.033935547
0.03488159
0.036499023
0.038238525
0.03970337
0.041900635
0.0435791
0.044128418
0.045135498
0.04522705
0.04449463
0.044403076
0.0435791
0.04284668
0.04171753
0.04031372
0.03933716
0.03741455
0.03604126
0.033691406
0.031280518
0.028686523
0.025665283
0.022125244
0.019226074
0.01638794
0.013549805
0.010406494
0.0065307617
0.0030212402
-0.0013427734
-0.005279541
-0.009521484
-0.01272583
-0.015350342
-0.018493652
-0.020935059
-0.023406982
-0.025817871
-0.028564453
-0.03213501
-0.03466797
-0.03829956
-0.041931152
-0.045043945
-0.048431396
-0.05154419
-0.05404663
-0.05630493
-0.05783081
-0.05960083
-0.060760498
-0.061553955
-0.06185913
-0.06173706
-0.06112671
-0.060180664
-0.058563232
-0.05606079
-0.054595947
-0.0513916
-0.049041748
-0.046691895
-0.04324341
-0.03945923
-0.035858154
-0.032104492
-0.028503418
-0.026306152
-0.023468018
-0.020507812
-0.017944336
-0.015899658
-0.014190674
-0.013092041
-0.011779785
-0.0105896
-0.009979248
-0.008972168
-0.007537842
-0.0065612793
-0.00491333
-0.0032653809
-0.0018005371
-0.0015258789
-0.0010986328
-6.4086914E-4
-8.8500977E-4
-9.1552734E-5
-0.0
7.9345703E-4
0.002380371
0.0032043457
0.005218506
0.007598877
0.010223389
0.012084961
0.014312744
0.015808105
0.016357422
0.017333984
0.017303467
0.017303467
0.016448975
0.016693115
0.016418457
0.016784668
0.015991211
0.016326904
0.016143799
0.01574707
0.01586914
0.01586914
0.01574707
0.015106201
0.014953613
0.015533447
0.016906738
0.01828003
0.02078247
0.021484375
0.023101807
0.024017334
0.025512695
0.026428223
0.027130127
0.027191162
0.028259277
0.028533936
0.02923584
0.030761719
0.031219482
0.032836914
0.033813477
0.034576416
0.03616333
0.036987305
0.03881836
0.04006958
0.041412354
0.043762207
0.04522705
0.04660034
0.046691895
0.046722412
0.046691895
0.046691895
0.045135498
0.04437256
0.04336548
0.041625977
0.040039062
0.038360596
0.036834717
0.034606934
0.03213501
0.029052734
0.0256958
0.021728516
0.019256592
0.015777588
0.012908936
0.009918213
0.005645752
0.0015258789
-0.0020446777
-0.00579834
-0.009429932
-0.012542725
-0.015960693
-0.019042969
-0.02154541
-0.024017334
-0.02645874
-0.029174805
-0.03262329
-0.035705566
-0.03967285
-0.043182373
-0.04638672
-0.049743652
-0.05291748
-0.055419922
-0.057739258
-0.0592041
-0.061035156
-0.062194824
-0.06304932
-0.063323975
-0.06329346
-0.062683105
-0.06109619
-0.060150146
-0.057678223
-0.055236816
-0.052612305
-0.049102783
-0.0463562
-0.043548584
-0.04006958
-0.03744507
-0.03439331
-0.031677246
-0.027954102
-0.025177002
-0.022247314
-0.0206604
-0.019012451
-0.017608643
-0.017028809
-0.015563965
-0.014434814
-0.01373291
-0.012207031
-0.010559082
-0.00970459
-0.0079956055
-0.006500244
-0.005859375
-0.0048217773
-0.004547119
-0.0040893555
-0.0036621094
-0.003326416
-0.0022277832
-0.0016174316
-5.79834E-4
8.544922E-4
0.0028686523
0.0049743652
0.0069885254
0.008880615
0.009277344
0.010894775
0.011871338
0.01272583
0.012817383
0.012878418
0.013519287
0.0126953125
0.012908936
0.0126953125
0.013183594
0.01361084
0.013580322
0.013061523
0.01272583
0.012908936
0.012756348
0.012878418
0.012786865
0.014038086
0.015350342
0.016448975
0.018157959
0.01977539
0.02142334
0.023101807
0.024047852
0.024841309
0.025665283
0.026519775
0.027191162
0.027069092
0.027313232
0.028625488
0.030273438
0.031951904
0.033050537
0.03375244
0.035339355
0.036956787
0.03778076
0.03970337
0.041931152
0.04360962
0.04486084
0.045684814
0.045928955
0.04647827
0.046783447
0.046661377
0.04525757
0.044311523
0.042541504
0.040161133
0.03866577
0.036987305
0.03503418
0.032348633
0.030548096
0.028442383
0.024505615
0.021087646
0.01864624
0.015289307
0.0121154785
0.008544922
0.0045776367
0.0016174316
-0.002319336
-0.0058898926
-0.009124756
-0.012420654
-0.015045166
-0.018859863
-0.02154541
-0.024627686
-0.027069092
-0.029449463
-0.032287598
-0.03567505
-0.038879395
-0.04269409
-0.046966553
-0.049591064
-0.052764893
-0.054351807
-0.056121826
-0.057434082
-0.058532715
-0.05996704
-0.060668945
-0.06112671
-0.06097412
-0.060546875
-0.05886841
-0.05731201
-0.054748535
-0.0524292
-0.0496521
-0.046661377
-0.044036865
-0.04046631
-0.037841797
-0.034851074
-0.03152466
-0.027618408
-0.024841309
-0.02255249
-0.019958496
-0.017730713
-0.016082764
-0.014434814
-0.013061523
-0.012512207
-0.011016846
-0.009918213
-0.009185791
-0.007659912
-0.006713867
-0.0059509277
-0.004119873
-0.0028076172
-0.0018920898
-0.0014648438
-0.0014648438
-0.0015869141
-9.460449E-4
-7.324219E-4
-1.2207031E-4
0.0014953613
0.0032348633
0.005584717
0.007171631
0.00881958
0.010498047
0.011749268
0.012481689
0.013336182
0.014190674
0.01373291
0.013458252
0.01361084
0.012573242
0.0121154785
0.0119018555
0.012451172
0.012786865
0.013305664
0.013153076
0.01272583
0.012298584
0.0119018555
0.012207031
0.012786865
0.013885498
0.015472412
0.017242432
0.01852417
0.019195557
0.020507812
0.022277832
0.023284912
0.024017334
0.024902344
0.025634766
0.0256958
0.026611328
0.02734375
0.028503418
0.03024292
0.031433105
0.032104492
0.033599854
0.035247803
0.036193848
0.03768921
0.03955078
0.0418396
0.04348755
0.044891357
0.045288086
0.045166016
0.045288086
0.044647217
0.043792725
0.04296875
0.04144287
0.040405273
0.037963867
0.03656006
0.03451538
0.032348633
0.030578613
0.027282715
0.02468872
0.021575928
0.018951416
0.015838623
0.012481689
0.009216309
0.0059509277
0.0024719238
-0.0018005371
-0.0054626465
-0.008636475
-0.012054443
-0.014678955
-0.017089844
-0.01953125
-0.022033691
-0.024414062
-0.02709961
-0.03024292
-0.03253174
-0.035369873
-0.039123535
-0.04336548
-0.046844482
-0.050079346
-0.052703857
-0.05505371
-0.056732178
-0.05822754
-0.05895996
-0.059906006
-0.060333252
-0.060302734
-0.05987549
-0.058898926
-0.057647705
-0.05508423
-0.052825928
-0.050872803
-0.04776001
-0.045166016
-0.041778564
-0.0385437
-0.035247803
-0.031951904
-0.028686523
-0.025390625
-0.022766113
-0.019714355
-0.017852783
-0.015563965
-0.013916016
-0.012420654
-0.011871338
-0.010467529
-0.009338379
-0.008026123
-0.006866455
-0.005584717
-0.0037231445
-0.0030517578
-0.0020751953
-0.0014038086
-4.272461E-4
-0.0
3.0517578E-5
-9.1552734E-5
5.187988E-4
8.239746E-4
0.0012512207
0.002960205
0.004547119
0.007080078
0.009338379
0.011047363
0.012420654
0.013122559
0.014007568
0.014770508
0.015716553
0.01586914
0.015838623
0.015106201
0.015106201
0.014953613
0.014221191
0.014343262
0.014526367
0.015411377
0.014038086
0.013427734
0.01361084
0.013519287
0.014282227
0.015136719
0.015960693
0.017822266
0.019012451
0.020233154
0.021484375
0.022705078
0.023956299
0.025177002
0.026428223
0.026275635
0.02722168
0.027893066
0.028869629
0.02947998
0.030792236
0.03201294
0.033172607
0.03491211
0.03656006
0.03756714
0.038970947
0.04071045
0.041503906
0.04333496
0.044677734
0.04550171
0.046203613
0.04727173
0.047058105
0.04660034
0.04626465
0.044555664
0.043060303
0.042022705
0.04046631
0.03878784
0.037078857
0.034118652
0.03112793
0.028900146
0.025756836
0.023132324
0.019439697
0.01651001
0.0128479
0.009216309
0.0053710938
0.002105713
-0.0013427734
-0.005706787
-0.009277344
-0.012573242
-0.015319824
-0.017700195
-0.020202637
-0.022613525
-0.025115967
-0.027496338
-0.030181885
-0.03353882
-0.03677368
-0.040039062
-0.04336548
-0.04660034
-0.049926758
-0.05255127
-0.054260254
-0.056549072
-0.057373047
-0.058166504
-0.059051514
-0.059814453
-0.060516357
-0.05935669
-0.05822754
-0.056396484
-0.053649902
-0.05142212
-0.049468994
-0.04647827
-0.04373169
-0.04067993
-0.038085938
-0.0345459
-0.03186035
-0.028961182
-0.025543213
-0.022949219
-0.019866943
-0.017181396
-0.015045166
-0.014007568
-0.012542725
-0.011749268
-0.010986328
-0.00982666
-0.007965088
-0.0069885254
-0.005645752
-0.0038146973
-0.0030822754
-0.0021362305
-0.0014648438
-4.272461E-4
-9.1552734E-5
3.6621094E-4
5.187988E-4
-2.4414062E-4
6.1035156E-4
0.0012512207
0.0028381348
0.003753662
0.006134033
0.0076904297
0.009552002
0.01171875
0.012207031
0.013366699
0.013427734
0.014160156
0.013793945
0.0134887695
0.012939453
0.01272583
0.012023926
0.012084961
0.011962891
0.012390137
0.01260376
0.011871338
0.012207031
0.011474609
0.01071167
0.010467529
0.012054443
0.012908936
0.01461792
0.016174316
0.017944336
0.019165039
0.020263672
0.022155762
0.023162842
0.023986816
0.024139404
0.024780273
0.024963379
0.0256958
0.026672363
0.028381348
0.02999878
0.031433105
0.031585693
0.03250122
0.034484863
0.035217285
0.03756714
0.039215088
0.040893555
0.0423584
0.04324341
0.04373169
0.043701172
0.043640137
0.043823242
0.04260254
0.041503906
0.040100098
0.038391113
0.03668213
0.034362793
0.032592773
0.030029297
0.027557373
0.025238037
0.02218628
0.019470215
0.016448975
0.013763428
0.009918213
0.0073547363
0.0038757324
6.1035156E-5
-0.003540039
-0.007293701
-0.010986328
-0.014312744
-0.016998291
-0.020019531
-0.022155762
-0.024871826
-0.027069092
-0.028930664
-0.031402588
-0.034942627
-0.037963867
-0.0418396
-0.04510498
-0.04736328
-0.049926758
-0.052368164
-0.05419922
-0.05645752
-0.058166504
-0.05883789
-0.0597229
-0.059143066
-0.058746338
-0.058441162
-0.057128906
-0.054901123
-0.05239868
-0.049987793
-0.046081543
-0.043426514
-0.040283203
-0.037872314
-0.035217285
-0.031799316
-0.028656006
-0.025146484
-0.022583008
-0.019470215
-0.016845703
-0.013702393
-0.011993408
-0.011138916
-0.009521484
-0.008850098
-0.007965088
-0.007232666
-0.006011963
-0.0041503906
-0.0032348633
-0.001739502
-7.6293945E-4
7.6293945E-4
0.0015258789
0.0015258789
0.0013122559
6.4086914E-4
8.239746E-4
7.019043E-4
0.0011291504
0.0025634766
0.0042419434
0.0058898926
0.007507324
0.009185791
0.01071167
0.011505127
0.012268066
0.013244629
0.013519287
0.014007568
0.013977051
0.012817383
0.012878418
0.01272583
0.012145996
0.012817383
0.012817383
0.0128479
0.012634277
0.011566162
0.011260986
0.011291504
0.011260986
0.011871338
0.012817383
0.013519287
0.014526367
0.016021729
0.016906738
0.018798828
0.019958496
0.020812988
0.021484375
0.023010254
0.023498535
0.02331543
0.024108887
0.024108887
0.02508545
0.026794434
0.02822876
0.028900146
0.029846191
0.030517578
0.03189087
0.033721924
0.035339355
0.036987305
0.038604736
0.039367676
0.040252686
0.04083252
0.040771484
0.04083252
0.040496826
0.038970947
0.037872314
0.03717041
0.035614014
0.03390503
0.03137207
0.028869629
0.026489258
0.023895264
0.02166748
0.018585205
0.01586914
0.0128479
0.010131836
0.007080078
0.0030212402
-3.6621094E-4
-0.0043640137
-0.0075683594
-0.010894775
-0.014160156
-0.017456055
-0.020385742
-0.022125244
-0.024383545
-0.026885986
-0.028656006
-0.03173828
-0.03451538
-0.037719727
-0.041137695
-0.04397583
-0.046813965
-0.049835205
-0.051635742
-0.05319214
-0.05557251
-0.05731201
-0.058135986
-0.058135986
-0.05908203
-0.058502197
-0.05822754
-0.057434082
-0.05618286
-0.054534912
-0.051849365
-0.048919678
-0.04547119
-0.042999268
-0.03970337
-0.03643799
-0.033233643
-0.02960205
-0.025604248
-0.02255249
-0.019073486
-0.016448975
-0.013946533
-0.012176514
-0.0105896
-0.00894165
-0.0082092285
-0.0073547363
-0.006378174
-0.004486084
-0.0033874512
-0.0021972656
-3.6621094E-4
5.79834E-4
0.0020141602
0.0030517578
0.002960205
0.003967285
0.0043640137
0.0036621094
0.0037841797
0.003692627
0.004058838
0.005493164
0.007171631
0.0087890625
0.010437012
0.012145996
0.014434814
0.015197754
0.016113281
0.01663208
0.016540527
0.016601562
0.016540527
0.01663208
0.015991211
0.015777588
0.01586914
0.015014648
0.015167236
0.014831543
0.014282227
0.014099121
0.013061523
0.012756348
0.013214111
0.01473999
0.015808105
0.01651001
0.017425537
0.018188477
0.020080566
0.021270752
0.022491455
0.023803711
0.024597168
0.02508545
0.024841309
0.025634766
0.025756836
0.02722168
0.028076172
0.028900146
0.029693604
0.030700684
0.032592773
0.03366089
0.03488159
0.036712646
0.03765869
0.03845215
0.040008545
0.040863037
0.04171753
0.0423584
0.042236328
0.042175293
0.040649414
0.0395813
0.03829956
0.03652954
0.034942627
0.03326416
0.03164673
0.029144287
0.026611328
0.022979736
0.020141602
0.01739502
0.013946533
0.011199951
0.008850098
0.0063171387
0.0039367676
0.0013122559
-0.001739502
-0.0043640137
-0.0076904297
-0.010986328
-0.014251709
-0.017578125
-0.020385742
-0.02267456
-0.025970459
-0.02859497
-0.03173828
-0.035064697
-0.038360596
-0.04269409
-0.04638672
-0.049957275
-0.053894043
-0.056427002
-0.059509277
-0.06225586
-0.06460571
-0.06643677
-0.067993164
-0.069610596
-0.0703125
-0.071136475
-0.07055664
-0.06991577
-0.06814575
-0.06555176
-0.06314087
-0.060699463
-0.05819702
-0.05581665
-0.05319214
-0.049987793
-0.046539307
-0.043701172
-0.04083252
-0.037963867
-0.035125732
-0.032196045
-0.029937744
-0.02798462
-0.026550293
-0.02557373
-0.024902344
-0.023803711
-0.022033691
-0.020385742
-0.018798828
-0.017120361
-0.01550293
-0.013793945
-0.0128479
-0.0121154785
-0.011993408
-0.011199951
-0.011413574
-0.010864258
-0.009307861
-0.0087890625
-0.007385254
-0.0057678223
-0.0035705566
-0.0010070801
0.001373291
0.0031433105
0.0046691895
0.0064697266
0.0077819824
0.008514404
0.0077819824
0.007904053
0.008422852
0.008270264
0.008270264
0.009613037
0.010650635
0.011291504
0.011199951
0.010437012
0.010650635
0.010467529
0.010925293
0.011779785
0.012634277
0.013366699
0.015563965
0.017425537
0.019683838
0.021514893
0.023040771
0.024810791
0.026306152
0.028167725
0.029174805
0.03048706
0.032196045
0.033813477
0.035491943
0.037109375
0.038757324
0.040374756
0.042053223
0.043640137
0.045318604
0.047180176
0.05050659
0.052520752
0.054718018
0.05657959
0.058929443
0.06060791
0.061431885
0.06201172
0.062072754
0.06161499
0.06121826
0.060791016
0.06048584
0.059295654
0.058044434
0.056732178
0.054840088
0.052459717
0.049987793
0.047302246
0.044158936
0.041992188
0.03894043
0.035614014
0.032409668
0.028411865
0.025024414
0.020965576
0.016845703
0.0134887695
0.009277344
0.0054016113
0.0026245117
-1.8310547E-4
-0.0036010742
-0.00680542
-0.0101623535
-0.013336182
-0.017486572
-0.021575928
-0.024932861
-0.029174805
-0.032989502
-0.036132812
-0.039520264
-0.04269409
-0.046173096
-0.048095703
-0.050323486
-0.05215454
-0.053649902
-0.054473877
-0.055236816
-0.05480957
-0.054107666
-0.052734375
-0.051635742
-0.04989624
-0.047180176
-0.044830322
-0.042297363
-0.039855957
-0.037475586
-0.03475952
-0.031707764
-0.029022217
-0.025939941
-0.02368164
-0.021087646
-0.019104004
-0.018188477
-0.016662598
-0.016540527
-0.015625
-0.014160156
-0.013122559
-0.011688232
-0.01071167
-0.008880615
-0.007293701
-0.006134033
-0.0054626465
-0.0051879883
-0.0053710938
-0.0051879883
-0.0054016113
-0.0050354004
-0.0043640137
-0.0030212402
-0.0018615723
-2.4414062E-4
0.002532959
0.004211426
0.00592041
0.0067749023
0.0075683594
0.008453369
0.009185791
0.010131836
0.0105896
0.0105896
0.010467529
0.011077881
0.0113220215
0.0119018555
0.0121154785
0.012023926
0.012023926
0.011047363
0.010498047
0.0107421875
0.011749268
0.012359619
0.0138549805
0.014892578
0.016296387
0.017333984
0.018188477
0.020751953
0.023040771
0.024627686
0.02633667
0.027648926
0.028656006
0.030639648
0.03149414
0.032989502
0.034606934
0.035583496
0.03704834
0.038024902
0.03967285
0.04147339
0.044158936
0.046081543
0.048217773
0.050354004
0.052337646
0.05444336
0.056427002
0.057769775
0.0579834
0.058624268
0.058624268
0.05834961
0.057434082
0.056640625
0.05593872
0.053894043
0.053100586
0.051574707
0.049072266
0.045776367
0.04333496
0.04095459
0.038146973
0.035125732
0.032562256
0.0284729
0.025024414
0.021148682
0.016998291
0.013519287
0.009521484
0.006164551
0.0020751953
-9.1552734E-4
-0.0047912598
-0.008056641
-0.0107421875
-0.014282227
-0.017425537
-0.021575928
-0.024841309
-0.029052734
-0.033813477
-0.037994385
-0.041809082
-0.04510498
-0.048065186
-0.050842285
-0.054351807
-0.057006836
-0.058807373
-0.06100464
-0.06289673
-0.06338501
-0.06365967
-0.06304932
-0.061676025
-0.060577393
-0.058898926
-0.056762695
-0.054748535
-0.052703857
-0.05001831
-0.046936035
-0.044189453
-0.04208374
-0.040161133
-0.03778076
-0.034942627
-0.03189087
-0.030029297
-0.028442383
-0.026733398
-0.025787354
-0.024993896
-0.024139404
-0.022491455
-0.021881104
-0.020690918
-0.019348145
-0.018310547
-0.016418457
-0.015350342
-0.014434814
-0.014282227
-0.014343262
-0.014282227
-0.014373779
-0.014190674
-0.013336182
-0.012329102
-0.010467529
-0.009094238
-0.0067443848
-0.00491333
-0.0026550293
-8.239746E-4
-0.0
8.239746E-4
0.0017089844
0.0022888184
0.0022888184
0.002166748
0.0026855469
0.0030517578
0.0034484863
0.0044555664
0.004547119
0.004486084
0.0037841797
0.003692627
0.0039367676
0.004760742
0.005706787
0.0060424805
0.0064086914
0.007293701
0.008636475
0.010406494
0.012664795
0.015319824
0.017669678
0.019165039
0.020050049
0.021942139
0.023040771
0.024261475
0.026031494
0.027526855
0.029907227
0.031036377
0.032409668
0.033477783
0.034973145
0.036895752
0.039367676
0.0418396
0.04434204
0.046966553
0.048828125
0.05041504
0.05206299
0.053649902
0.053710938
0.05368042
0.053710938
0.053527832
0.05255127
0.0519104
0.05050659
0.049346924
0.04812622
0.045654297
0.043151855
0.040618896
0.038238525
0.03567505
0.03338623
0.030517578
0.027313232
0.023529053
0.019866943
0.016174316
0.011779785
0.0078125
0.004333496
4.272461E-4
-0.00289917
-0.006134033
-0.009490967
-0.012420654
-0.014770508
-0.0178833
-0.021087646
-0.025604248
-0.030029297
-0.033935547
-0.038146973
-0.041290283
-0.045654297
-0.04827881
-0.05166626
-0.05496216
-0.057739258
-0.06072998
-0.062438965
-0.064086914
-0.06573486
-0.06726074
-0.06729126
-0.06713867
-0.06616211
-0.0640564
-0.061950684
-0.060028076
-0.05731201
-0.05557251
-0.053344727
-0.05078125
-0.04840088
-0.04574585
-0.042419434
-0.03918457
-0.037261963
-0.035186768
-0.033111572
-0.03149414
-0.030395508
-0.02960205
-0.029510498
-0.02798462
-0.027252197
-0.027069092
-0.025268555
-0.023712158
-0.022003174
-0.020629883
-0.020477295
-0.019989014
-0.019073486
-0.01889038
-0.019042969
-0.018798828
-0.01828003
-0.017852783
-0.01626587
-0.014160156
-0.012023926
-0.010009766
-0.007873535
-0.0064697266
-0.0046691895
-0.0037841797
-0.0029907227
-0.0021972656
-0.0023498535
-0.0020141602
-0.0014343262
-0.0013122559
-1.5258789E-4
-6.1035156E-5
5.79834E-4
8.239746E-4
7.324219E-4
7.9345703E-4
7.6293945E-4
0.0017089844
0.0022888184
0.0024108887
0.0036621094
0.0053710938
0.0069274902
0.009155273
0.011077881
0.013214111
0.015289307
0.017425537
0.019348145
0.02053833
0.021759033
0.023040771
0.024108887
0.026275635
0.028900146
0.030670166
0.032318115
0.03390503
0.034942627
0.037200928
0.039031982
0.04147339
0.04437256
0.04736328
0.04940796
0.050811768
0.053222656
0.054382324
0.05581665
0.056732178
0.057556152
0.057281494
0.056732178
0.05645752
0.05569458
0.054351807
0.053222656
0.051513672
0.048675537
0.04711914
0.044677734
0.04220581
0.039642334
0.037078857
0.033599854
0.030578613
0.02670288
0.023101807
0.019348145
0.015716553
0.011871338
0.008239746
0.0044555664
9.460449E-4
-0.0019836426
-0.0046691895
-0.007873535
-0.009918213
-0.013549805
-0.017211914
-0.021484375
-0.026062012
-0.029907227
-0.033447266
-0.03741455
-0.041503906
-0.04473877
-0.047943115
-0.050079346
-0.05316162
-0.055999756
-0.057922363
-0.058807373
-0.060333252
-0.06124878
-0.06124878
-0.06109619
-0.0592041
-0.05795288
-0.0569458
-0.054779053
-0.05230713
-0.049804688
-0.047943115
-0.045776367
-0.043151855
-0.04071045
-0.03717041
-0.03439331
-0.03253174
-0.030303955
-0.028717041
-0.027435303
-0.026794434
-0.025848389
-0.025115967
-0.02420044
-0.023529053
-0.022460938
-0.021087646
-0.019989014
-0.018585205
-0.017852783
-0.017028809
-0.016082764
-0.016418457
-0.016845703
-0.016571045
-0.016815186
-0.01651001
-0.015014648
-0.014221191
-0.013122559
-0.011077881
-0.008514404
-0.0065307617
-0.005004883
-0.0032653809
-0.0017089844
-6.713867E-4
-8.8500977E-4
-5.187988E-4
-1.2207031E-4
5.187988E-4
0.0016479492
0.0017089844
0.0028381348
0.0030822754
0.0024414062
0.0021972656
0.0016174316
0.002166748
0.002380371
0.0031738281
0.003967285
0.0050354004
0.0068359375
0.008300781
0.010467529
0.013031006
0.014923096
0.017211914
0.01977539
0.02130127
0.023040771
0.024597168
0.026367188
0.027832031
0.02999878
0.03201294
0.033569336
0.035247803
0.036895752
0.038513184
0.040222168
0.04269409
0.04434204
0.047210693
0.05026245
0.052520752
0.05517578
0.057037354
0.058685303
0.059661865
0.060455322
0.06121826
0.06124878
0.06112671
0.06021118
0.05947876
0.058288574
0.05657959
0.05456543
0.051849365
0.050231934
0.047790527
0.04547119
0.043518066
0.04034424
0.037719727
0.034362793
0.031066895
0.027923584
0.024108887
0.019958496
0.015808105
0.012329102
0.008331299
0.0050964355
0.002532959
-6.713867E-4
-0.0029907227
-0.0056762695
-0.009521484
-0.013214111
-0.017028809
-0.020629883
-0.024383545
-0.028717041
-0.032562256
-0.03604126
-0.039031982
-0.04171753
-0.045196533
-0.04812622
-0.05041504
-0.053100586
-0.054351807
-0.05505371
-0.05593872
-0.05593872
-0.055114746
-0.05432129
-0.053344727
-0.0513916
-0.048797607
-0.046813965
-0.044769287
-0.042633057
-0.041229248
-0.038635254
-0.03640747
-0.03363037
-0.030761719
-0.028900146
-0.026641846
-0.025024414
-0.023712158
-0.023071289
-0.022033691
-0.022521973
-0.02218628
-0.021820068
-0.02053833
-0.019439697
-0.0178833
-0.016235352
-0.016021729
-0.015533447
-0.015045166
-0.015625
-0.016601562
-0.016693115
-0.016693115
-0.01663208
-0.015045166
-0.014221191
-0.012207031
-0.011047363
-0.009857178
-0.008239746
-0.0061035156
-0.0039978027
-0.0031433105
-0.002319336
-0.0021972656
-0.002319336
-0.0020751953
-0.0014648438
-0.0013427734
-3.3569336E-4
6.1035156E-5
-3.0517578E-5
6.1035156E-5
-6.1035156E-5
