buf 8 of 46 length=1792
6.1035156E-5
-9.1552734E-5
1.8310547E-4
0.0015563965
0.0026550293
0.004058838
0.005004883
0.0072021484
0.009338379
0.010681152
0.013183594
0.014984131
0.01663208
0.018951416
0.020751953
0.023071289
0.02468872
0.026275635
0.028076172
0.029174805
0.030426025
0.03213501
0.034301758
0.03692627
0.03930664
0.041931152
0.044311523
0.046813965
0.049224854
0.051818848
0.053833008
0.055358887
0.05709839
0.05810547
0.05886841
0.059051514
0.05886841
0.05819702
0.05810547
0.05718994
0.056274414
0.053985596
0.05203247
0.04989624
0.047912598
0.046447754
0.04397583
0.041534424
0.038970947
0.03643799
0.032989502
0.029876709
0.026123047
0.022399902
0.019195557
0.015930176
0.0119018555
0.009063721
0.006072998
0.0025939941
-4.272461E-4
-0.0030517578
-0.0064697266
-0.0095825195
-0.013427734
-0.017150879
-0.020874023
-0.024505615
-0.02822876
-0.03189087
-0.035614014
-0.03829956
-0.04159546
-0.043823242
-0.046813965
-0.049316406
-0.051208496
-0.053466797
-0.054260254
-0.05456543
-0.053649902
-0.052978516
-0.051971436
-0.050354004
-0.048675537
-0.047088623
-0.04537964
-0.043823242
-0.041748047
-0.039001465
-0.03729248
-0.034240723
-0.031677246
-0.029205322
-0.027008057
-0.026184082
-0.024261475
-0.023101807
-0.022216797
-0.021911621
-0.021972656
-0.022003174
-0.0206604
-0.019622803
-0.018951416
-0.017974854
-0.017333984
-0.016296387
-0.015960693
-0.015838623
-0.016448975
-0.016723633
-0.017211914
-0.01751709
-0.016693115
-0.01586914
-0.014251709
-0.013549805
-0.012329102
-0.010681152
-0.009002686
-0.0077819824
-0.007080078
-0.006134033
-0.0060424805
-0.0060424805
-0.0053100586
-0.005218506
-0.0043029785
-0.003692627
-0.0037841797
-0.003753662
-0.003753662
-0.003753662
-0.0037231445
-0.0037841797
-0.0030822754
-0.0022888184
-0.0021972656
-0.0012817383
4.8828125E-4
0.0018920898
0.004119873
0.0060424805
0.008178711
0.0101623535
0.012329102
0.014343262
0.01586914
0.017547607
0.019195557
0.020751953
0.022705078
0.024963379
0.026428223
0.028198242
0.029663086
0.03201294
0.033843994
0.036102295
0.037963867
0.041229248
0.043640137
0.046142578
0.04852295
0.05117798
0.052703857
0.053863525
0.05517578
0.055755615
0.05606079
0.055877686
0.056030273
0.05581665
0.055023193
0.05404663
0.051879883
0.049865723
0.047790527
0.045715332
0.044281006
0.04248047
0.040161133
0.037475586
0.03439331
0.031799316
0.028442383
0.025238037
0.02154541
0.017730713
0.014770508
0.010528564
0.0077819824
0.004699707
0.002105713
-0.0011291504
-0.0034179688
-0.0062561035
-0.0093688965
-0.013244629
-0.016906738
-0.020690918
-0.024230957
-0.028137207
-0.030914307
-0.034057617
-0.037261963
-0.039886475
-0.04309082
-0.045562744
-0.047607422
-0.0496521
-0.05142212
-0.0513916
-0.051483154
-0.050811768
-0.04989624
-0.04840088
-0.047424316
-0.045806885
-0.043914795
-0.041625977
-0.04019165
-0.037902832
-0.035491943
-0.032409668
-0.029724121
-0.027374268
-0.02557373
-0.02319336
-0.02178955
-0.020751953
-0.019439697
-0.019958496
-0.019134521
-0.018981934
-0.0184021
-0.017547607
-0.016723633
-0.015197754
-0.014251709
-0.012573242
-0.011993408
-0.012268066
-0.0132751465
-0.014038086
-0.015045166
-0.014678955
-0.014373779
-0.013122559
-0.0119018555
-0.010559082
-0.00869751
-0.008331299
-0.0068359375
-0.0058288574
-0.0043640137
-0.003692627
-0.0032958984
-0.0029296875
-0.0030822754
-0.0022888184
-0.0021972656
-0.0014648438
-0.0014038086
-5.79834E-4
-0.0011291504
-0.0015258789
-0.0014953613
-0.0014648438
-0.0015563965
-8.544922E-4
-7.6293945E-4
3.0517578E-5
7.9345703E-4
0.0018615723
0.0032348633
0.004486084
0.0069885254
0.008178711
0.0105896
0.012420654
0.014190674
0.015777588
0.017456055
0.019042969
0.02078247
0.022277832
0.024291992
0.026428223
0.02835083
0.030670166
0.031402588
0.03353882
0.03543091
0.036956787
0.03955078
0.043670654
0.045715332
0.047668457
0.04989624
0.051513672
0.052734375
0.053497314
0.053710938
0.05429077
0.054534912
0.054382324
0.053619385
0.052825928
0.05178833
0.050109863
0.048187256
0.045532227
0.043640137
0.04208374
0.039733887
0.036499023
0.033935547
0.03152466
0.028137207
0.02609253
0.022766113
0.019348145
0.01638794
0.011810303
0.008331299
0.005645752
0.0032958984
6.1035156E-5
-0.0024108887
-0.0049438477
-0.008361816
-0.011505127
-0.015289307
-0.019042969
-0.022247314
-0.02557373
-0.028839111
-0.032104492
-0.034698486
-0.037872314
-0.04135132
-0.043426514
-0.04537964
-0.047576904
-0.04916382
-0.05050659
-0.050750732
-0.05065918
-0.05078125
-0.049316406
-0.047668457
-0.045928955
-0.043548584
-0.041992188
-0.04034424
-0.038330078
-0.035705566
-0.03338623
-0.030334473
-0.027557373
-0.025909424
-0.023468018
-0.021881104
-0.020111084
-0.018737793
-0.017852783
-0.01739502
-0.017120361
-0.016540527
-0.016845703
-0.016052246
-0.015289307
-0.014404297
-0.012817383
-0.011871338
-0.011291504
-0.011260986
-0.011505127
-0.012542725
-0.0128479
-0.0128479
-0.012329102
-0.011352539
-0.010650635
-0.00970459
-0.0082092285
-0.0073242188
-0.005493164
-0.004211426
-0.003326416
-0.0030212402
-0.0025939941
-0.0021362305
-0.0023498535
-0.0021972656
-0.0015869141
-0.0014343262
-0.0015258789
-0.0014648438
-0.0015258789
-0.0014648438
-0.0014953613
-0.0014953613
-0.0014953613
-0.0015258789
-8.8500977E-4
-0.0
7.9345703E-4
0.0016784668
0.0034179688
0.0049438477
0.0069885254
0.009155273
0.010620117
0.012390137
0.013977051
0.01638794
0.018127441
0.019012451
0.020629883
0.022277832
0.023895264
0.025543213
0.027191162
0.028869629
0.030426025
0.03265381
0.034576416
0.036743164
0.03942871
0.04257202
0.045166016
0.047332764
0.04901123
0.05038452
0.05102539
0.052001953
0.05218506
0.052764893
0.05303955
0.052886963
0.05218506
0.05038452
0.04888916
0.047088623
0.045654297
0.04345703
0.04147339
0.03942871
0.036132812
0.0335083
0.031829834
0.02935791
0.026184082
0.02355957
0.019134521
0.015563965
0.011810303
0.007904053
0.0052490234
0.0028686523
-2.4414062E-4
-0.0029296875
-0.0045166016
-0.007904053
-0.011047363
-0.01473999
-0.018585205
-0.021820068
-0.025024414
-0.028839111
-0.03250122
-0.03567505
-0.038360596
-0.040802002
-0.043426514
-0.04650879
-0.047973633
-0.049835205
-0.050964355
-0.052246094
-0.053131104
-0.052886963
-0.05255127
-0.050811768
-0.049987793
-0.048309326
-0.045837402
-0.04348755
-0.042022705
-0.040039062
-0.037353516
-0.035064697
-0.031982422
-0.029205322
-0.026885986
-0.02432251
-0.022705078
-0.021820068
-0.020202637
-0.019561768
-0.018554688
-0.018218994
-0.017791748
-0.017333984
-0.017089844
-0.015350342
-0.014556885
-0.012817383
-0.012084961
-0.012023926
-0.012207031
-0.013122559
-0.013885498
-0.013153076
-0.012786865
-0.012390137
-0.011352539
-0.011291504
-0.009918213
-0.008148193
-0.0066833496
-0.0046691895
-0.0026855469
-0.001953125
-0.001373291
-0.0015563965
-0.0014343262
-0.0015258789
-0.0014343262
-0.0015563965
-7.019043E-4
-3.0517578E-5
6.1035156E-5
-2.1362305E-4
-8.239746E-4
-7.324219E-4
-7.6293945E-4
-8.239746E-4
-2.1362305E-4
6.1035156E-5
6.1035156E-4
0.002319336
0.0038452148
0.005584717
0.0071411133
0.008850098
0.010437012
0.0121154785
0.013793945
0.015533447
0.017089844
0.018798828
0.021057129
0.022125244
0.023620605
0.025390625
0.026733398
0.027770996
0.029571533
0.031036377
0.033294678
0.035736084
0.038238525
0.040740967
0.04333496
0.045532227
0.047454834
0.04949951
0.050231934
0.050994873
0.05203247
0.051696777
0.0519104
0.051757812
0.050628662
0.05001831
0.048187256
0.04675293
0.044799805
0.042541504
0.041015625
0.03878784
0.03677368
0.034820557
0.031585693
0.028289795
0.026428223
0.023284912
0.019927979
0.016601562
0.012298584
0.008453369
0.005279541
0.0018615723
-7.6293945E-4
-0.0038146973
-0.0065307617
-0.008880615
-0.011444092
-0.014831543
-0.018005371
-0.021606445
-0.025482178
-0.028900146
-0.033294678
-0.036376953
-0.038604736
-0.041931152
-0.044525146
-0.046966553
-0.049316406
-0.051086426
-0.053497314
-0.054779053
-0.05532837
-0.055114746
-0.055358887
-0.05419922
-0.0524292
-0.050872803
-0.049194336
-0.047576904
-0.045837402
-0.043273926
-0.04095459
-0.037994385
-0.03503418
-0.032684326
-0.030181885
-0.027679443
-0.025909424
-0.02355957
-0.021911621
-0.021057129
-0.02041626
-0.02029419
-0.019378662
-0.018585205
-0.017730713
-0.016937256
-0.016113281
-0.015289307
-0.0138549805
-0.011962891
-0.012237549
-0.012756348
-0.013092041
-0.013702393
-0.01373291
-0.013244629
-0.012359619
-0.010986328
-0.009887695
-0.008514404
-0.0067749023
-0.0059509277
-0.0043029785
-0.0036315918
-0.0027160645
-0.0019836426
-0.0010070801
-7.6293945E-4
-2.746582E-4
1.5258789E-4
-1.2207031E-4
8.239746E-4
6.1035156E-4
1.5258789E-4
7.6293945E-4
8.239746E-4
6.4086914E-4
0.0011901855
0.0014953613
0.0019836426
0.002319336
0.0028381348
0.003112793
0.0044555664
0.005432129
0.007232666
0.009521484
0.0113220215
0.01373291
0.015167236
0.016967773
0.018463135
0.020263672
0.021759033
0.023529053
0.024993896
0.026947021
0.029022217
0.029876709
0.031982422
0.034454346
0.036895752
0.03942871
0.042022705
0.04373169
0.046081543
0.048553467
0.05014038
0.051849365
0.05331421
0.053741455
0.05368042
0.05368042
0.053771973
0.053131104
0.052947998
0.051635742
0.049804688
0.048309326
0.046447754
0.04397583
0.041534424
0.039001465
0.036468506
0.034057617
0.031555176
0.029144287
0.026000977
0.022613525
0.018615723
0.014465332
0.011383057
0.007537842
0.004211426
0.0014648438
-0.0015563965
-0.0037841797
-0.0063476562
-0.0093688965
-0.012817383
-0.016082764
-0.019439697
-0.022766113
-0.02709961
-0.030792236
-0.034057617
-0.03729248
-0.040740967
-0.04345703
-0.045806885
-0.04901123
-0.050872803
-0.053985596
-0.055358887
-0.056396484
-0.057739258
-0.057037354
-0.056396484
-0.05496216
-0.053344727
-0.05166626
-0.050079346
-0.048339844
-0.046020508
-0.044281006
-0.041748047
-0.03933716
-0.036468506
-0.033050537
-0.030212402
-0.028411865
-0.0262146
-0.024261475
-0.022827148
-0.02178955
-0.021209717
-0.020080566
-0.019866943
-0.019256592
-0.019134521
-0.017669678
-0.016021729
-0.014434814
-0.011993408
-0.012207031
-0.011871338
-0.012329102
-0.012817383
-0.013092041
-0.012420654
-0.012176514
-0.011169434
-0.010498047
-0.009613037
-0.007659912
-0.006225586
-0.004425049
-0.0029296875
-0.0021362305
-0.0011901855
-7.9345703E-4
-4.272461E-4
9.1552734E-5
3.3569336E-4
0.0014343262
0.0014343262
0.0021972656
0.0022888184
0.0022888184
0.0031433105
0.0028686523
0.003540039
0.0047302246
0.0043640137
0.005004883
0.00579834
0.006652832
0.007385254
0.009002686
0.0105896
0.012542725
0.014770508
0.01663208
0.018920898
0.020446777
0.022033691
0.024169922
0.026245117
0.027679443
0.02947998
0.031707764
0.032684326
0.034332275
0.035980225
0.037750244
0.039245605
0.041381836
0.043823242
0.046875
0.049621582
0.051971436
0.053710938
0.05456543
0.05618286
0.056854248
0.05783081
0.058258057
0.05819702
0.058258057
0.057800293
0.056274414
0.054626465
0.053009033
0.05130005
0.048828125
0.04638672
0.043914795
0.041503906
0.03869629
0.03552246
0.033416748
0.029541016
0.026763916
0.023010254
0.01953125
0.016296387
0.012023926
0.007904053
0.0039367676
0.0011901855
-0.0013122559
-0.0036621094
-0.006713867
-0.010070801
-0.013366699
-0.01675415
-0.020721436
-0.024108887
-0.028320312
-0.032165527
-0.035369873
-0.03881836
-0.04196167
-0.045410156
-0.047912598
-0.051116943
-0.053619385
-0.055419922
-0.05770874
-0.059295654
-0.059692383
-0.059906006
-0.05899048
-0.05770874
-0.056518555
-0.054779053
-0.05255127
-0.050720215
-0.0491333
-0.04660034
-0.044158936
-0.041778564
-0.039001465
-0.035858154
-0.0335083
-0.030914307
-0.029052734
-0.027526855
-0.025787354
-0.024993896
-0.02407837
-0.023498535
-0.023254395
-0.022613525
-0.02255249
-0.021148682
-0.019500732
-0.017852783
-0.016143799
-0.015838623
-0.015991211
-0.01586914
-0.015991211
-0.01586914
-0.016021729
-0.015625
-0.014831543
-0.01361084
-0.011810303
-0.010223389
-0.0078125
-0.006072998
-0.003692627
-0.0030212402
-0.0029907227
-0.002960205
-0.0015563965
-6.713867E-4
-4.5776367E-4
5.79834E-4
0.0012512207
0.0021972656
0.0022888184
0.0022277832
0.0022888184
0.0022583008
0.003540039
0.0046081543
0.004699707
0.0058288574
0.006378174
0.00793457
0.008880615
0.011108398
0.013000488
0.014526367
0.017120361
0.0184021
0.020599365
0.02255249
0.024658203
0.026672363
0.028778076
0.030822754
0.032318115
0.03414917
0.035614014
0.03744507
0.03881836
0.04095459
0.04296875
0.045013428
0.0473938
0.05053711
0.052734375
0.05493164
0.056793213
0.05911255
0.059814453
0.060943604
0.061035156
0.060913086
0.061065674
0.060577393
0.0597229
0.05847168
0.056610107
0.054595947
0.052246094
0.049804688
0.047973633
0.04473877
0.042388916
0.039978027
0.036987305
0.03427124
0.030761719
0.026916504
0.023925781
0.019042969
0.014923096
0.01083374
0.006652832
0.0038452148
9.765625E-4
-0.0019226074
-0.0047302246
-0.008056641
-0.011993408
-0.014953613
-0.018554688
-0.022247314
-0.026000977
-0.029541016
-0.03375244
-0.037628174
-0.040771484
-0.044128418
-0.047424316
-0.05014038
-0.053222656
-0.055358887
-0.057403564
-0.059387207
-0.060577393
-0.06060791
-0.060577393
-0.060424805
-0.05895996
-0.057800293
-0.05709839
-0.055664062
-0.05392456
-0.051574707
-0.048950195
-0.046661377
-0.04397583
-0.0418396
-0.038726807
-0.036346436
-0.034332275
-0.032226562
-0.030700684
-0.029571533
-0.028778076
-0.02798462
-0.027954102
-0.028076172
-0.027618408
-0.025848389
-0.02420044
-0.022949219
-0.022247314
-0.021362305
-0.021148682
-0.021270752
-0.020385742
-0.020629883
-0.021057129
-0.02041626
-0.020233154
-0.019378662
-0.018188477
-0.016479492
-0.014373779
-0.012298584
-0.011566162
-0.0105896
-0.009033203
-0.008117676
-0.007537842
-0.007385254
-0.006164551
-0.004699707
-0.004547119
-0.0040283203
-0.0031433105
-0.0023498535
-0.0022277832
-0.0014648438
-7.019043E-4
-7.019043E-4
3.6621094E-4
9.1552734E-4
0.002319336
0.0034484863
0.004699707
0.0064697266
0.008026123
0.010467529
0.012298584
0.01461792
0.017242432
0.019348145
0.021240234
0.023742676
0.02633667
0.028381348
0.029907227
0.031585693
0.033843994
0.035705566
0.037994385
0.039642334
0.04144287
0.04385376
0.045532227
0.04876709
0.051330566
0.054473877
0.056610107
0.058135986
0.05908203
0.059936523
0.061462402
0.062316895
0.0630188
0.06298828
0.06262207
0.06161499
0.060455322
0.05859375
0.057128906
0.05532837
0.05307007
0.05038452
0.047302246
0.044830322
0.04232788
0.039642334
0.0357666
0.032043457
0.029022217
0.024902344
0.02078247
0.016662598
0.012664795
0.009277344
0.005065918
0.0022583008
-5.187988E-4
-0.0036315918
-0.005706787
-0.009490967
-0.013153076
-0.016235352
-0.021087646
-0.025177002
-0.029449463
-0.033355713
-0.03665161
-0.039794922
-0.04333496
-0.04611206
-0.049041748
-0.051849365
-0.05419922
-0.056732178
-0.057617188
-0.05834961
-0.05831909
-0.05831909
-0.05822754
-0.056793213
-0.055633545
-0.05441284
-0.05267334
-0.05105591
-0.049468994
-0.04699707
-0.044677734
-0.042663574
-0.03942871
-0.037139893
-0.0345459
-0.032470703
-0.030975342
-0.029205322
-0.028198242
-0.028045654
-0.028167725
-0.02798462
-0.027313232
-0.026153564
-0.024810791
-0.023590088
-0.022247314
-0.021514893
-0.021118164
-0.021270752
-0.0211792
-0.021240234
-0.021911621
-0.021148682
-0.021331787
-0.020812988
-0.019317627
-0.018432617
-0.016082764
-0.0140686035
-0.013122559
-0.011688232
-0.010650635
-0.009216309
-0.008270264
-0.0074157715
-0.0065612793
-0.0057678223
-0.00491333
-0.004058838
-0.0036315918
-0.0038757324
-0.003112793
-0.0029907227
-0.0022888184
-0.0014038086
-6.4086914E-4
2.1362305E-4
9.765625E-4
0.0020446777
0.0039367676
0.0049743652
0.0061950684
0.008605957
0.011169434
0.013519287
0.015319824
0.017669678
0.02041626
0.023468018
0.026062012
0.02810669
0.030029297
0.03274536
0.03451538
0.036132812
0.03781128
0.03942871
0.042053223
0.04434204
0.046081543
0.048828125
0.05230713
0.05508423
0.057647705
0.059570312
0.06173706
0.06304932
0.06430054
0.06542969
0.06588745
0.06604004
0.065704346
0.06491089
0.06402588
0.063323975
0.0619812
0.0597229
0.057159424
0.055389404
0.052856445
0.049682617
0.04727173
0.044677734
0.041107178
0.038269043
0.03543091
0.032073975
0.028381348
0.023345947
0.019134521
0.015838623
0.012542725
0.0093688965
0.0068969727
0.0042419434
7.6293945E-4
-0.002319336
-0.006225586
-0.00982666
-0.013702393
-0.0178833
-0.021942139
-0.02532959
-0.028747559
-0.032714844
-0.035888672
-0.039276123
-0.042663574
-0.04550171
-0.047851562
-0.05038452
-0.05218506
-0.05303955
-0.053863525
-0.053771973
-0.053833008
-0.0524292
-0.051513672
-0.05102539
-0.048950195
-0.048065186
-0.046661377
-0.04498291
-0.04269409
-0.039978027
-0.03778076
-0.035858154
-0.033599854
-0.032043457
-0.030426025
-0.028686523
-0.027557373
-0.026794434
-0.025939941
-0.025787354
-0.025909424
-0.024932861
-0.024291992
-0.022949219
-0.021911621
-0.021728516
-0.020751953
-0.019958496
-0.019592285
-0.020324707
-0.020507812
-0.021087646
-0.021331787
-0.021026611
-0.020385742
-0.019134521
-0.0178833
-0.016723633
-0.015045166
-0.013336182
-0.012298584
-0.011505127
-0.01071167
-0.009796143
-0.008361816
-0.008270264
-0.007232666
-0.0065307617
-0.005645752
-0.0048828125
-0.0039367676
-0.0037231445
-0.0032043457
-0.0022583008
-0.0022583008
-0.0014343262
-0.0015258789
-2.4414062E-4
0.0010070801
0.002166748
0.0037841797
0.0059509277
0.007965088
0.0101623535
0.0126953125
0.015136719
0.017578125
0.020141602
0.02243042
0.02545166
0.028045654
0.029968262
0.032104492
0.034088135
0.036193848
0.037597656
0.03942871
0.041748047
0.0435791
0.04611206
0.049438477
0.051483154
0.054718018
0.05709839
0.059173584
0.060699463
0.061767578
0.06378174
0.06430054
0.06552124
0.06567383
0.06539917
0.06463623
0.06341553
0.061828613
0.059570312
0.05822754
0.055755615
0.053863525
0.051696777
0.048919678
0.046020508
0.043121338
0.04031372
0.03692627
0.033599854
0.030853271
0.02746582
0.023590088
0.019378662
0.015991211
0.012817383
0.009338379
0.0063476562
0.003479004
6.4086914E-4
-0.0025634766
-0.0063476562
-0.010009766
-0.014373779
-0.017730713
-0.020996094
-0.024475098
-0.028442383
-0.0317688
-0.03488159
-0.03845215
-0.041229248
-0.04425049
-0.04660034
-0.048583984
-0.050689697
-0.051452637
-0.05230713
-0.05227661
-0.052246094
-0.051330566
-0.05041504
-0.048461914
-0.047454834
-0.046142578
-0.044433594
-0.042816162
-0.04058838
-0.037872314
-0.03564453
-0.033691406
-0.031555176
-0.02960205
-0.027404785
-0.025756836
-0.024902344
-0.02520752
-0.024963379
-0.025787354
-0.025177002
-0.025024414
-0.024230957
-0.02331543
-0.022460938
-0.021728516
-0.020721436
-0.020507812
-0.019927979
-0.02017212
-0.02053833
-0.021026611
-0.022033691
-0.021911621
-0.021972656
-0.02078247
-0.019165039
-0.01751709
-0.015838623
-0.014587402
-0.013977051
-0.012969971
-0.012329102
-0.011352539
-0.0107421875
-0.010467529
-0.009918213
-0.00970459
-0.00881958
-0.007904053
-0.0074768066
-0.007171631
-0.0060424805
-0.0061035156
-0.0052490234
-0.0045776367
-0.0043640137
-0.003692627
-0.0025024414
-0.0012207031
1.8310547E-4
0.0025939941
0.0038452148
0.0062561035
0.008728027
0.010650635
0.012786865
0.015563965
0.017547607
0.019836426
0.022583008
0.02444458
0.026855469
0.02810669
0.030548096
0.032348633
0.033966064
0.035614014
0.038085938
0.04058838
0.04321289
0.046417236
0.04864502
0.0513916
0.052825928
0.053985596
0.05593872
0.05682373
0.05770874
0.058410645
0.058502197
0.058288574
0.057495117
0.05633545
0.054534912
0.052947998
0.05130005
0.049194336
0.046539307
0.044921875
0.042388916
0.039215088
0.03744507
0.03387451
0.031036377
0.028259277
0.024841309
0.021514893
0.018310547
0.014343262
0.010894775
0.0075683594
0.004333496
0.0018005371
-0.0014648438
-0.003692627
-0.006591797
-0.010009766
-0.013183594
-0.017028809
-0.0206604
-0.023864746
-0.027313232
-0.030456543
-0.03390503
-0.036834717
-0.039611816
-0.042816162
-0.045043945
-0.047729492
-0.04953003
-0.051727295
-0.053131104
-0.052947998
-0.053131104
-0.052001953
-0.050720215
-0.04953003
-0.04824829
-0.04711914
-0.04550171
-0.04333496
-0.0413208
-0.039215088
-0.035827637
-0.033416748
-0.03164673
-0.029205322
-0.026824951
-0.025543213
-0.024780273
-0.023834229
-0.023345947
-0.023590088
-0.022827148
-0.02267456
-0.022705078
-0.0211792
-0.021209717
-0.020141602
-0.019805908
-0.019348145
-0.018951416
-0.018493652
-0.01852417
-0.01965332
-0.020263672
-0.02053833
-0.019592285
-0.018127441
-0.017181396
-0.015411377
-0.014099121
-0.013305664
-0.012512207
-0.011657715
-0.010864258
-0.009979248
-0.009277344
-0.009002686
-0.008514404
-0.008117676
-0.007598877
-0.0072021484
-0.00680542
-0.006378174
-0.006011963
-0.005554199
-0.0051879883
-0.004699707
-0.0037231445
-0.0037231445
-0.0020141602
-0.0014343262
-2.1362305E-4
0.0012817383
0.0034484863
0.005432129
0.007598877
0.00970459
0.011138916
0.012878418
0.0152282715
0.017730713
0.020233154
0.022460938
0.024230957
0.02709961
0.028961182
0.03060913
0.032226562
0.033843994
0.036132812
0.037994385
0.040405273
0.043060303
0.04626465
0.04837036
0.049987793
0.051605225
0.05331421
0.05444336
0.0552063
0.056152344
0.056152344
0.056152344
0.055267334
0.05444336
0.053344727
0.051605225
0.050079346
0.04800415
0.045440674
0.043029785
0.040496826
0.038024902
0.035461426
0.03314209
0.030426025
0.027313232
0.024780273
0.020751953
0.017211914
0.013458252
0.009796143
0.0065612793
0.0038146973
0.0015258789
-0.0011291504
-0.0042419434
-0.0067749023
-0.010467529
-0.013092041
-0.016448975
-0.02017212
-0.023925781
-0.027679443
-0.030731201
-0.03414917
-0.037353516
-0.040740967
-0.042877197
-0.044708252
-0.0473938
-0.049316406
-0.05102539
-0.052124023
-0.05291748
-0.053100586
-0.052337646
-0.05142212
-0.049957275
-0.048980713
-0.047454834
-0.04663086
-0.044311523
-0.042388916
-0.040283203
-0.03756714
-0.03527832
-0.03265381
-0.030426025
-0.028503418
-0.026306152
-0.024536133
-0.023132324
-0.02230835
-0.021911621
-0.021972656
-0.022003174
-0.021392822
-0.020507812
-0.018981934
-0.018066406
-0.016448975
-0.015960693
-0.015838623
-0.016296387
-0.016693115
-0.017089844
-0.017547607
-0.017364502
-0.017456055
-0.016723633
-0.01663208
-0.01586914
-0.014831543
-0.013214111
-0.011474609
-0.010223389
-0.009429932
-0.009094238
-0.00869751
-0.0075683594
-0.0068969727
-0.00592041
-0.005279541
-0.004211426
-0.0038146973
-0.0034179688
-0.0032348633
-0.0039978027
-0.0031738281
-0.0030212402
-0.0024414062
-0.0014953613
-7.9345703E-4
1.8310547E-4
0.0016479492
0.0025939941
0.0043640137
0.0058898926
0.007965088
0.010681152
0.012512207
0.014129639
0.015777588
0.018096924
0.020629883
0.022949219
0.024810791
0.027374268
0.029571533
0.031036377
0.03289795
0.033843994
0.035247803
0.03692627
0.039245605
0.041900635
0.045166016
0.047424316
0.0501709
0.051849365
0.052978516
0.054351807
0.055114746
0.05596924
0.056884766
0.056243896
0.05618286
0.055999756
0.05441284
0.05343628
