buf 9 of 46 length=1792
0.05178833
0.04977417
0.04763794
0.045776367
0.04296875
0.041381836
0.038238525
0.035583496
0.03326416
0.030639648
0.02734375
0.024017334
0.020629883
0.017456055
0.013671875
0.0099487305
0.007293701
0.0048217773
0.0016479492
-8.544922E-4
-0.002532959
-0.006072998
-0.009246826
-0.012908936
-0.01675415
-0.019836426
-0.023406982
-0.025939941
-0.029724121
-0.032562256
-0.035583496
-0.038208008
-0.040649414
-0.043182373
-0.04562378
-0.04788208
-0.048980713
-0.049804688
-0.05014038
-0.049438477
-0.048614502
-0.04776001
-0.047027588
-0.046020508
-0.04446411
-0.04248047
-0.040252686
-0.038330078
-0.035614014
-0.033843994
-0.031707764
-0.028442383
-0.025909424
-0.024169922
-0.021697998
-0.020111084
-0.01852417
-0.018249512
-0.017791748
-0.017364502
-0.017089844
-0.015991211
-0.015960693
-0.0152282715
-0.014404297
-0.013549805
-0.011871338
-0.011444092
-0.011291504
-0.011810303
-0.012176514
-0.012634277
-0.012939453
-0.0134887695
-0.013092041
-0.012084961
-0.010559082
-0.008850098
-0.007080078
-0.0057373047
-0.0048828125
-0.004486084
-0.0041503906
-0.0031738281
-0.0024108887
-0.0021972656
-0.0022888184
-0.0014648438
-0.0015258789
-0.0014038086
-3.9672852E-4
-0.0
3.3569336E-4
9.1552734E-4
6.713867E-4
8.544922E-4
6.713867E-4
0.0014953613
0.0029907227
0.003967285
0.005554199
0.0073242188
0.008758545
0.009490967
0.010620117
0.012939453
0.014801025
0.016967773
0.019592285
0.021942139
0.023803711
0.0262146
0.027557373
0.028564453
0.03012085
0.030548096
0.03253174
0.034484863
0.036621094
0.03857422
0.04083252
0.043548584
0.045684814
0.047607422
0.04989624
0.05117798
0.051879883
0.05279541
0.05355835
0.053955078
0.053100586
0.05239868
0.0513916
0.05001831
0.048919678
0.047424316
0.045318604
0.04333496
0.040924072
0.03778076
0.03552246
0.03289795
0.030578613
0.027252197
0.024932861
0.022003174
0.018035889
0.014831543
0.011505127
0.008239746
0.004760742
0.0021362305
-8.8500977E-4
-0.0036315918
-0.00592041
-0.009429932
-0.011688232
-0.015563965
-0.018920898
-0.021820068
-0.024780273
-0.027618408
-0.03048706
-0.033355713
-0.0368042
-0.03942871
-0.042541504
-0.04434204
-0.046661377
-0.04840088
-0.050842285
-0.051879883
-0.05279541
-0.053131104
-0.052520752
-0.051605225
-0.05090332
-0.04989624
-0.047668457
-0.045806885
-0.0435791
-0.04168701
-0.039398193
-0.037597656
-0.03439331
-0.031707764
-0.029266357
-0.026763916
-0.02432251
-0.02178955
-0.020202637
-0.018615723
-0.018066406
-0.016906738
-0.01687622
-0.015716553
-0.015106201
-0.014129639
-0.0128479
-0.012298584
-0.0113220215
-0.010559082
-0.009857178
-0.0099487305
-0.0099487305
-0.009857178
-0.010345459
-0.01071167
-0.010650635
-0.010070801
-0.009185791
-0.007507324
-0.00592041
-0.0040283203
-0.0019226074
-0.0012207031
-7.019043E-4
-4.8828125E-4
6.1035156E-4
0.0012207031
0.0021972656
0.00289917
0.0031433105
0.0036621094
0.0039367676
0.0045776367
0.0045166016
0.0045166016
0.0045166016
0.004486084
0.0049743652
0.0059814453
0.006011963
0.0074768066
0.008453369
0.010223389
0.0115356445
0.012817383
0.0152282715
0.016571045
0.018432617
0.019866943
0.02218628
0.024139404
0.025756836
0.027404785
0.0289917
0.030700684
0.032165527
0.032836914
0.0340271
0.0357666
0.03729248
0.0395813
0.042175293
0.043914795
0.04626465
0.04788208
0.048706055
0.050567627
0.051818848
0.052703857
0.05307007
0.053131104
0.052490234
0.052246094
0.051696777
0.05078125
0.049957275
0.04827881
0.046661377
0.044921875
0.041931152
0.039031982
0.03616333
0.03277588
0.02947998
0.026855469
0.023773193
0.020324707
0.016937256
0.012939453
0.009735107
0.0063171387
0.0030517578
-2.1362305E-4
-0.003540039
-0.006225586
-0.009338379
-0.0121154785
-0.015075684
-0.017791748
-0.020965576
-0.024536133
-0.027526855
-0.031402588
-0.035003662
-0.03842163
-0.041137695
-0.044158936
-0.046905518
-0.049224854
-0.051757812
-0.054107666
-0.055786133
-0.057525635
-0.058807373
-0.059661865
-0.059661865
-0.058563232
-0.057922363
-0.05697632
-0.05557251
-0.053649902
-0.05218506
-0.050231934
-0.048065186
-0.04623413
-0.0435791
-0.041290283
-0.038208008
-0.03479004
-0.03213501
-0.030456543
-0.028076172
-0.02645874
-0.0256958
-0.024871826
-0.023834229
-0.021881104
-0.02078247
-0.019927979
-0.019256592
-0.017700195
-0.01675415
-0.0152282715
-0.014373779
-0.013580322
-0.013885498
-0.014465332
-0.014678955
-0.015380859
-0.014678955
-0.013977051
-0.012481689
-0.011474609
-0.010040283
-0.008239746
-0.006652832
-0.0047302246
-0.0026245117
-0.0020446777
-0.0010070801
-7.9345703E-4
-3.3569336E-4
6.4086914E-4
0.0013427734
0.0029296875
0.0037841797
0.0037231445
0.0037841797
0.003692627
0.003967285
0.00491333
0.0056762695
0.0065612793
0.007232666
0.008880615
0.009887695
0.010650635
0.011505127
0.013214111
0.014770508
0.016571045
0.0178833
0.020599365
0.023071289
0.025115967
0.02709961
0.029266357
0.031158447
0.032714844
0.035125732
0.035705566
0.036834717
0.038604736
0.040222168
0.042297363
0.044433594
0.045806885
0.04827881
0.049926758
0.05166626
0.054107666
0.055755615
0.057250977
0.057769775
0.057617188
0.057800293
0.05718994
0.056884766
0.056396484
0.055419922
0.054016113
0.052825928
0.05041504
0.04788208
0.04547119
0.042999268
0.040283203
0.036621094
0.034088135
0.030914307
0.02835083
0.024414062
0.02017212
0.016052246
0.012145996
0.008880615
0.0055236816
0.0021362305
-5.493164E-4
-0.0035705566
-0.0063171387
-0.009399414
-0.012817383
-0.016021729
-0.019317627
-0.02267456
-0.025909424
-0.029663086
-0.033050537
-0.03567505
-0.039245605
-0.042541504
-0.045166016
-0.04827881
-0.050109863
-0.05255127
-0.054992676
-0.056518555
-0.056854248
-0.05731201
-0.0574646
-0.056365967
-0.055664062
-0.05480957
-0.053985596
-0.05239868
-0.05053711
-0.04837036
-0.046417236
-0.044281006
-0.04232788
-0.039916992
-0.036834717
-0.034057617
-0.031036377
-0.028930664
-0.026763916
-0.024963379
-0.024230957
-0.023498535
-0.023498535
-0.022369385
-0.021728516
-0.02029419
-0.019195557
-0.017852783
-0.016693115
-0.016052246
-0.015075684
-0.014404297
-0.013519287
-0.013977051
-0.014434814
-0.01449585
-0.0140686035
-0.013214111
-0.0119018555
-0.010131836
-0.009216309
-0.0076904297
-0.005859375
-0.0043945312
-0.003540039
-0.0028076172
-0.0018615723
-0.0011901855
-1.5258789E-4
-9.1552734E-5
0.0011291504
0.0022583008
0.0022583008
0.0029907227
0.003112793
0.0038146973
0.0038452148
0.0049743652
0.0052490234
0.0056762695
0.0065612793
0.007385254
0.008880615
0.0105896
0.012176514
0.013916016
0.015350342
0.017425537
0.019500732
0.02154541
0.023742676
0.025634766
0.028320312
0.030670166
0.032592773
0.0340271
0.035827637
0.036346436
0.03765869
0.038970947
0.04034424
0.043029785
0.04537964
0.047912598
0.050323486
0.05291748
0.0546875
0.05618286
0.05706787
0.05783081
0.058746338
0.05923462
0.059143066
0.059265137
0.058746338
0.057861328
0.05645752
0.0546875
0.0524292
0.050476074
0.048095703
0.045532227
0.043273926
0.040283203
0.037384033
0.034454346
0.031585693
0.028808594
0.024505615
0.02053833
0.016143799
0.012512207
0.008728027
0.0051879883
0.0024108887
-4.5776367E-4
-0.0033569336
-0.006164551
-0.009185791
-0.012634277
-0.015838623
-0.019134521
-0.02255249
-0.02658081
-0.028839111
-0.03286743
-0.03604126
-0.038879395
-0.0423584
-0.045654297
-0.047668457
-0.049804688
-0.052612305
-0.05480957
-0.05657959
-0.057861328
-0.057556152
-0.057891846
-0.05682373
-0.055664062
-0.054382324
-0.052642822
-0.050231934
-0.04925537
-0.047546387
-0.04522705
-0.043426514
-0.041168213
-0.039093018
-0.03567505
-0.033691406
-0.03024292
-0.028411865
-0.026062012
-0.02508545
-0.02420044
-0.023620605
-0.023406982
-0.022644043
-0.021331787
-0.020019531
-0.018859863
-0.01751709
-0.016967773
-0.015350342
-0.014404297
-0.01449585
-0.014312744
-0.014709473
-0.014953613
-0.014404297
-0.014160156
-0.013244629
-0.011932373
-0.010772705
-0.009490967
-0.007659912
-0.00680542
-0.0058898926
-0.004211426
-0.0027160645
-0.0020446777
-0.0010375977
-7.9345703E-4
-3.0517578E-4
9.1552734E-5
4.8828125E-4
0.0015563965
0.0021362305
0.0032348633
0.0035705566
0.0031433105
0.0039978027
0.00491333
0.0053100586
0.005554199
0.0072021484
0.008270264
0.009643555
0.011444092
0.013671875
0.01550293
0.017852783
0.019348145
0.021362305
0.023986816
0.026428223
0.028411865
0.030456543
0.032562256
0.03387451
0.035827637
0.037231445
0.039367676
0.041168213
0.042541504
0.044830322
0.04660034
0.04937744
0.05117798
0.053497314
0.055358887
0.056884766
0.05859375
0.05923462
0.0602417
0.060699463
0.060791016
0.060333252
0.059509277
0.058166504
0.057006836
0.055725098
0.05316162
0.051605225
0.04876709
0.045776367
0.043060303
0.03994751
0.037628174
0.03463745
0.031280518
0.028076172
0.024139404
0.019927979
0.015777588
0.011779785
0.008514404
0.005126953
0.0018310547
-0.0012207031
-0.003326416
-0.007019043
-0.0107421875
-0.013885498
-0.016571045
-0.020355225
-0.024017334
-0.027893066
-0.031158447
-0.03451538
-0.037475586
-0.040252686
-0.043762207
-0.046417236
-0.048858643
-0.0513916
-0.05456543
-0.05633545
-0.05783081
-0.058654785
-0.059265137
-0.05895996
-0.058013916
-0.05734253
-0.055877686
-0.05480957
-0.05343628
-0.051696777
-0.049987793
-0.04827881
-0.04574585
-0.043395996
-0.040771484
-0.038604736
-0.035339355
-0.033050537
-0.030975342
-0.029571533
-0.0289917
-0.028045654
-0.027282715
-0.026519775
-0.026519775
-0.02545166
-0.02508545
-0.024841309
-0.023345947
-0.022216797
-0.021392822
-0.020477295
-0.021148682
-0.021240234
-0.021148682
-0.02130127
-0.020996094
-0.020141602
-0.01928711
-0.018554688
-0.017211914
-0.015472412
-0.0138549805
-0.012237549
-0.011352539
-0.010620117
-0.010620117
-0.009429932
-0.0079956055
-0.0072631836
-0.0063171387
-0.005554199
-0.0046691895
-0.0038757324
-0.003692627
-0.0030517578
-0.002105713
-0.0014038086
-4.5776367E-4
3.0517578E-5
2.4414062E-4
0.0012817383
0.0018310547
0.0034179688
0.004333496
0.006500244
0.009124756
0.01083374
0.013183594
0.014953613
0.017486572
0.020141602
0.023803711
0.026428223
0.0289917
0.030822754
0.032440186
0.0340271
0.03579712
0.038208008
0.039886475
0.041412354
0.04336548
0.045928955
0.04837036
0.050872803
0.05340576
0.05581665
0.057678223
0.05911255
0.060150146
0.06060791
0.06100464
0.06124878
0.06060791
0.060516357
0.05886841
0.057922363
0.056488037
0.054779053
0.0524292
0.049804688
0.0473938
0.044891357
0.04248047
0.039794922
0.03616333
0.033569336
0.02999878
0.026367188
0.022613525
0.018920898
0.015045166
0.011749268
0.009338379
0.005584717
0.00289917
-3.0517578E-5
-0.00289917
-0.0052490234
-0.008331299
-0.012420654
-0.01574707
-0.019104004
-0.022338867
-0.025939941
-0.02960205
-0.03213501
-0.03564453
-0.038970947
-0.041778564
-0.044158936
-0.046691895
-0.049102783
-0.050994873
-0.05328369
-0.05392456
-0.05392456
-0.053741455
-0.052764893
-0.052093506
-0.050689697
-0.048919678
-0.04736328
-0.045654297
-0.0440979
-0.043151855
-0.04147339
-0.038879395
-0.036590576
-0.0335083
-0.030914307
-0.029541016
-0.027709961
-0.026733398
-0.025939941
-0.025115967
-0.025054932
-0.024169922
-0.023590088
-0.0234375
-0.022491455
-0.021697998
-0.020721436
-0.020019531
-0.019073486
-0.01889038
-0.019622803
-0.01977539
-0.020446777
-0.020446777
-0.020446777
-0.020477295
-0.020263672
-0.01889038
-0.017578125
-0.016998291
-0.015472412
-0.013793945
-0.012908936
-0.012878418
-0.011993408
-0.011260986
-0.010314941
-0.009918213
-0.009643555
-0.008575439
-0.008392334
-0.007904053
-0.0067749023
-0.0068359375
-0.006652832
-0.0061035156
-0.005859375
-0.005126953
-0.0038757324
-0.0026245117
-0.0014953613
2.746582E-4
0.0019226074
0.0029296875
0.0043640137
0.0068359375
0.009429932
0.011810303
0.014526367
0.01763916
0.019927979
0.02255249
0.025054932
0.027008057
0.028503418
0.030273438
0.0317688
0.03363037
0.035949707
0.03869629
0.04083252
0.04397583
0.046295166
0.048797607
0.0513916
0.052734375
0.05456543
0.05606079
0.057006836
0.057800293
0.058502197
0.058441162
0.058410645
0.05859375
0.057647705
0.05630493
0.05517578
0.05328369
0.051208496
0.048309326
0.046203613
0.04324341
0.040618896
0.03845215
0.03527832
0.032592773
0.029052734
0.026000977
0.021850586
0.0184021
0.01586914
0.0126953125
0.0101623535
0.006866455
0.0046081543
0.0016479492
-0.0012817383
-0.0036010742
-0.006591797
-0.010681152
-0.014099121
-0.017364502
-0.021331787
-0.024017334
-0.027191162
-0.029510498
-0.03225708
-0.0357666
-0.03866577
-0.040985107
-0.043548584
-0.04534912
-0.04626465
-0.047058105
-0.047821045
-0.047729492
-0.047729492
-0.04638672
-0.045166016
-0.044036865
-0.042236328
-0.04067993
-0.038970947
-0.037384033
-0.035614014
-0.033935547
-0.031402588
-0.029022217
-0.026275635
-0.02331543
-0.022583008
-0.020935059
-0.020385742
-0.019958496
-0.018981934
-0.018920898
-0.018218994
-0.018066406
-0.017364502
-0.017333984
-0.016204834
-0.015991211
-0.01550293
-0.015045166
-0.015258789
-0.015075684
-0.015930176
-0.016662598
-0.016693115
-0.016693115
-0.016571045
-0.015533447
-0.014923096
-0.013549805
-0.012329102
-0.01171875
-0.010131836
-0.00982666
-0.009246826
-0.009094238
-0.009246826
-0.00894165
-0.008117676
-0.0072021484
-0.0064086914
-0.0054626465
-0.005279541
-0.004699707
-0.004425049
-0.0045776367
-0.004425049
-0.0036621094
-0.0028076172
-0.0020141602
-9.460449E-4
9.1552734E-4
0.001953125
0.0032348633
0.0049743652
0.006591797
0.008300781
0.010803223
0.013092041
0.014923096
0.017333984
0.02017212
0.023284912
0.025604248
0.027709961
0.029144287
0.030914307
0.03314209
0.03503418
0.037353516
0.03918457
0.041656494
0.0440979
0.04660034
0.048706055
0.05029297
0.05206299
0.053619385
0.0546875
0.05532837
0.05633545
0.056793213
0.05621338
0.057159424
0.05645752
0.056243896
0.055358887
0.053619385
0.051452637
0.049438477
0.047180176
0.0446167
0.042175293
0.039764404
0.03704834
0.033599854
0.030334473
0.027160645
0.023254395
0.02017212
0.017242432
0.013763428
0.010620117
0.008087158
0.005554199
0.0031433105
3.9672852E-4
-0.0026855469
-0.0049438477
-0.00793457
-0.011932373
-0.0154418945
-0.01864624
-0.022064209
-0.025299072
-0.027709961
-0.03024292
-0.032562256
-0.035461426
-0.03866577
-0.04034424
-0.04260254
-0.044525146
-0.046722412
-0.047210693
-0.04763794
-0.047943115
-0.0473938
-0.046020508
-0.04498291
-0.04321289
-0.041625977
-0.039978027
-0.038360596
-0.03668213
-0.035003662
-0.03326416
-0.030944824
-0.029174805
-0.026489258
-0.02319336
-0.021636963
-0.02041626
-0.019042969
-0.018951416
-0.018951416
-0.018951416
-0.018951416
-0.018920898
-0.018005371
-0.01727295
-0.016357422
-0.01586914
-0.015930176
-0.015960693
-0.01586914
-0.016540527
-0.016723633
-0.017364502
-0.017425537
-0.017456055
-0.017242432
-0.01651001
-0.015289307
-0.013977051
-0.013153076
-0.012908936
-0.012359619
-0.0121154785
-0.011505127
-0.011413574
-0.0113220215
-0.010620117
-0.010498047
-0.009613037
-0.00869751
-0.008392334
-0.00793457
-0.007507324
-0.0077209473
-0.0068359375
-0.006011963
-0.005218506
-0.0043029785
-0.0036315918
-0.0024414062
-0.0010681152
-3.9672852E-4
8.544922E-4
0.0026855469
0.004119873
0.0066223145
0.009002686
0.010986328
0.013916016
0.016815186
0.019470215
0.02142334
0.02368164
0.02557373
0.027862549
0.028564453
0.030792236
0.03262329
0.03491211
0.037628174
0.03994751
0.04257202
0.0446167
0.046539307
0.04916382
0.05114746
0.052825928
0.053863525
0.05456543
0.055511475
0.05532837
0.055633545
0.05606079
0.055145264
0.054107666
0.052246094
0.050750732
0.048339844
0.046539307
0.044281006
0.041778564
0.04006958
0.03756714
0.034942627
0.03149414
0.028381348
0.024597168
0.020843506
0.017578125
0.014831543
0.012512207
0.0099487305
0.0066833496
0.004180908
0.001739502
-6.713867E-4
-0.0034179688
-0.006591797
-0.00881958
-0.011932373
-0.015167236
-0.018554688
-0.02178955
-0.024505615
-0.027526855
-0.030151367
-0.03237915
-0.035339355
-0.038360596
-0.040771484
-0.04284668
-0.04385376
-0.0446167
-0.04550171
-0.046173096
-0.045562744
-0.04446411
-0.043060303
-0.042022705
-0.04034424
-0.03866577
-0.037078857
-0.035308838
-0.033721924
-0.031982422
-0.030456543
-0.027832031
-0.024871826
-0.023040771
-0.020629883
-0.019104004
-0.017608643
-0.017486572
-0.016937256
-0.016601562
-0.01675415
-0.01663208
-0.01675415
-0.01651001
-0.014923096
-0.014312744
-0.013214111
-0.013214111
-0.013763428
-0.014038086
-0.015075684
-0.01574707
-0.016021729
-0.016571045
-0.015991211
-0.015808105
-0.014892578
-0.014434814
-0.013946533
-0.012207031
-0.012359619
-0.0115356445
-0.011444092
-0.011352539
-0.010803223
-0.010467529
-0.010040283
-0.009613037
-0.009246826
-0.008728027
-0.00869751
-0.009246826
-0.009155273
-0.008575439
-0.008331299
-0.0077209473
-0.006713867
-0.00592041
-0.0051879883
-0.0040283203
-0.0027160645
-0.0015869141
-2.4414062E-4
8.239746E-4
0.002746582
0.004211426
0.0059814453
0.008331299
0.011016846
0.014099121
0.016571045
0.018981934
0.021575928
0.023742676
0.02520752
0.026977539
0.0284729
0.030273438
0.0317688
0.03439331
0.036621094
0.038726807
0.041656494
0.043304443
0.04586792
0.04660034
0.04815674
0.0491333
0.05001831
0.049957275
0.0501709
0.05078125
0.05001831
0.049835205
0.049041748
0.047821045
0.04623413
0.044006348
0.04208374
0.039916992
0.037353516
0.034820557
0.032409668
0.029754639
0.026641846
0.02407837
0.020507812
0.017364502
0.0138549805
0.0113220215
0.008148193
0.006134033
0.003112793
6.1035156E-4
-0.0010681152
-0.0036315918
-0.0061035156
-0.008575439
-0.011474609
-0.014343262
-0.017181396
-0.020080566
-0.023040771
-0.025939941
-0.028015137
-0.030059814
-0.03314209
-0.035614014
-0.038238525
-0.04031372
-0.041870117
-0.043121338
-0.04373169
-0.044769287
-0.04473877
-0.04336548
-0.04309082
-0.04147339
-0.039764404
-0.038208008
-0.036468506
-0.03479004
-0.033111572
-0.031555176
-0.029296875
-0.026733398
-0.024353027
-0.02178955
-0.019439697
-0.017730713
-0.016357422
-0.015594482
-0.014801025
-0.013885498
-0.013671875
-0.013122559
-0.012817383
-0.012298584
-0.011291504
-0.010620117
-0.009643555
-0.009155273
-0.009094238
-0.009490967
-0.010375977
-0.011199951
-0.011505127
-0.011352539
-0.011474609
-0.0113220215
-0.0115356445
-0.011199951
-0.010681152
-0.010406494
-0.009613037
-0.008331299
-0.0068969727
-0.00680542
-0.006225586
-0.0059509277
-0.006134033
-0.005065918
-0.004638672
-0.004180908
-0.003967285
-0.0045776367
-0.004547119
-0.004058838
-0.003692627
-0.0032653809
-0.0022583008
-0.0022583008
-0.0014343262
-7.019043E-4
-7.324219E-4
5.79834E-4
0.0017700195
0.0032958984
0.0056152344
0.0069885254
0.009429932
0.01184082
0.013702393
0.015930176
0.018615723
0.020690918
0.022827148
0.024749756
0.025390625
0.026550293
0.028930664
0.03024292
0.03149414
0.033325195
0.035583496
0.037475586
0.039978027
0.04220581
0.044006348
0.04638672
0.047729492
0.0496521
0.050109863
0.049957275
0.050842285
0.050109863
0.049987793
0.05001831
0.048919678
0.04727173
0.04562378
0.043762207
0.040924072
0.039367676
0.0362854
0.034210205
0.03201294
0.029449463
0.026947021
0.023651123
0.020050049
0.016113281
0.013000488
0.009613037
0.0063171387
0.0034484863
0.0012207031
-0.0014343262
-0.0029907227
-0.005645752
-0.007843018
-0.0099487305
-0.013122559
-0.015380859
-0.018218994
-0.022216797
-0.025421143
-0.027496338
-0.030944824
-0.03253174
-0.035186768
-0.037384033
-0.03955078
-0.042388916
-0.043945312
-0.045196533
-0.04638672
-0.047668457
-0.04837036
-0.04800415
-0.046966553
-0.046295166
-0.04446411
-0.043029785
-0.041137695
-0.039978027
-0.03878784
-0.03717041
-0.034973145
-0.032348633
-0.029968262
-0.02746582
-0.024291992
-0.02267456
-0.020690918
-0.018585205
-0.017944336
-0.017059326
-0.01626587
-0.015808105
-0.016021729
-0.015319824
-0.01449585
-0.013671875
-0.011993408
-0.010559082
-0.01071167
-0.0105896
-0.010894775
-0.011962891
-0.0121154785
-0.01272583
-0.012420654
-0.012054443
-0.011566162
-0.011260986
-0.010620117
-0.009552002
-0.0079956055
-0.007659912
-0.007293701
-0.006286621
-0.005493164
-0.0052490234
-0.004699707
-0.004425049
-0.0038452148
-0.0036621094
-0.0028381348
-0.0020751953
-0.0010986328
-7.9345703E-4
-3.3569336E-4
3.0517578E-5
5.187988E-4
8.544922E-4
0.0013427734
0.002319336
0.0031433105
0.0047302246
0.005432129
0.006500244
0.008483887
0.009460449
0.011260986
0.013305664
0.015380859
0.018005371
0.020385742
0.022979736
0.025482178
0.027740479
0.02935791
0.030944824
0.03274536
0.033813477
0.035095215
0.036895752
0.03857422
0.040130615
0.042663574
0.044891357
0.046844482
0.048950195
0.050994873
0.052947998
0.05355835
0.05404663
0.053833008
0.053985596
0.053222656
0.053131104
0.052368164
0.0513916
0.049438477
0.046905518
0.044525146
0.041931152
0.040039062
0.037963867
0.03527832
0.03286743
0.03036499
0.027954102
0.024414062
0.020385742
0.016998291
0.012908936
0.010345459
0.0072631836
0.0043640137
0.0020141602
-4.8828125E-4
-0.0029296875
-0.0053710938
-0.008056641
-0.011199951
-0.01373291
-0.017211914
-0.020355225
-0.023956299
-0.026519775
-0.029632568
-0.032287598
-0.034729004
-0.037261963
-0.03982544
-0.042022705
-0.043914795
-0.046142578
-0.047790527
-0.04901123
-0.049804688
-0.050079346
-0.050048828
-0.04940796
-0.047821045
-0.046905518
-0.04525757
-0.043701172
-0.043182373
-0.04156494
-0.03933716
-0.03793335
-0.03564453
-0.03302002
-0.030700684
-0.028747559
-0.026641846
-0.024627686
-0.022644043
-0.02166748
-0.021240234
-0.020812988
-0.02041626
-0.020050049
-0.019104004
-0.01828003
-0.018188477
-0.01739502
-0.016693115
-0.015625
-0.015380859
-0.015930176
-0.01626587
-0.01675415
-0.017089844
-0.017547607
-0.017364502
-0.016845703
-0.015136719
-0.014404297
-0.0134887695
-0.01272583
-0.0119018555
-0.011077881
-0.010253906
-0.009460449
-0.008605957
-0.007751465
-0.007598877
-0.006866455
-0.0059509277
-0.006134033
-0.00579834
-0.0052490234
-0.005065918
-0.0040283203
-0.0037231445
-0.0034179688
-0.0018005371
-8.544922E-4
-3.0517578E-5
0.0014953613
0.002380371
0.003112793
0.0041503906
0.0058898926
0.0074768066
0.009613037
0.012145996
0.014556885
0.017028809
0.020141602
0.02218628
0.024383545
0.026275635
0.028564453
0.03012085
0.031829834
0.033355713
0.035186768
0.036743164
0.0390625
0.041503906
0.04333496
0.04550171
0.04751587
0.04949951
0.05065918
0.05203247
0.052856445
0.05319214
0.053619385
0.054016113
0.053863525
0.05328369
0.052337646
0.051513672
0.04977417
0.047973633
0.04525757
0.043304443
0.041259766
0.038726807
0.0362854
0.03378296
0.03060913
0.027282715
0.024017334
0.020599365
0.017333984
0.014038086
0.010803223
0.007446289
0.0040893555
0.0012817383
-4.272461E-4
-0.0027770996
-0.004547119
-0.0069274902
-0.009613037
-0.012969971
-0.016082764
-0.019836426
-0.023773193
-0.026489258
-0.028808594
-0.031982422
-0.034606934
-0.037841797
-0.04107666
-0.042785645
-0.04522705
-0.046691895
-0.048431396
-0.049835205
-0.050201416
-0.0501709
-0.049621582
