buf 4 of 59 length=1792
-0.004486084
-0.0051879883
-0.005126953
-0.0051879883
-0.005126953
-0.005218506
-0.005065918
-0.005554199
-0.005859375
-0.00579834
-0.005279541
-0.0050964355
-0.0045166016
-0.0038146973
-0.00390625
-0.0038146973
-0.0039367676
-0.0036315918
-0.0028076172
-0.0022277832
-9.460449E-4
-6.1035156E-5
5.79834E-4
0.0019226074
0.0026855469
0.003326416
0.0041503906
0.004486084
0.0047912598
0.005218506
0.0051574707
0.0047302246
0.0044555664
0.003479004
0.0024719238
0.0020141602
0.0017700195
0.0011901855
3.3569336E-4
-0.0
-3.0517578E-5
6.1035156E-5
-1.2207031E-4
9.765625E-4
0.0018920898
0.0031433105
0.0045776367
0.005340576
0.007598877
0.008483887
0.009613037
0.010650635
0.011688232
0.012817383
0.013305664
0.014221191
0.013580322
0.013549805
0.0134887695
0.012756348
0.012084961
0.011352539
0.01071167
0.009887695
0.009674072
0.009277344
0.008453369
0.007873535
0.0070495605
0.006500244
0.0064086914
0.0065307617
0.0063476562
0.00680542
0.0071105957
0.0074768066
0.007843018
0.0076904297
0.0078125
0.0077209473
0.0077819824
0.007751465
0.008636475
0.009002686
0.009246826
0.009796143
0.009552002
0.0101623535
0.010406494
0.009796143
0.009613037
0.010406494
0.010253906
0.010559082
0.010955811
0.011230469
0.011688232
0.011657715
0.011230469
0.010894775
0.011016846
0.010986328
0.010345459
0.010375977
0.0101623535
0.008758545
0.0082092285
0.0074157715
0.00680542
0.0059814453
0.00579834
0.005340576
0.005065918
0.004638672
0.0037231445
0.003326416
0.0030822754
0.0035705566
0.0036315918
0.0032043457
0.0029296875
0.0021362305
9.765625E-4
-0.0
-0.0011291504
-0.0027160645
-0.003967285
-0.0055236816
-0.0067443848
-0.008575439
-0.010284424
-0.012054443
-0.013885498
-0.015106201
-0.01663208
-0.017364502
-0.018188477
-0.01889038
-0.019622803
-0.020324707
-0.021026611
-0.02154541
-0.021270752
-0.021911621
-0.022003174
-0.022613525
-0.022155762
-0.022644043
-0.02267456
-0.022827148
-0.023376465
-0.02355957
-0.02407837
-0.024169922
-0.02520752
-0.024871826
-0.02456665
-0.024719238
-0.02456665
-0.024108887
-0.023834229
-0.0234375
-0.023010254
-0.021728516
-0.020935059
-0.019226074
-0.018463135
-0.016815186
-0.014984131
-0.013702393
-0.012176514
-0.011657715
-0.010681152
-0.009490967
-0.008636475
-0.007080078
-0.0060424805
-0.0054016113
-0.004699707
-0.003967285
-0.0038452148
-0.0032958984
-0.0024719238
-0.0019226074
-0.001953125
-0.0017700195
-0.0010681152
-0.001739502
-0.0015869141
-0.0011901855
-0.0013427734
-0.0012512207
-0.0013122559
-0.0012817383
-0.0012817383
-0.001373291
-0.0021972656
-0.0026245117
-0.0027770996
-0.003753662
-0.0038146973
-0.0043640137
-0.004547119
-0.0045166016
-0.0050964355
-0.004486084
-0.0036315918
-0.0022277832
-7.6293945E-4
5.493164E-4
0.0023498535
0.004180908
0.005340576
0.0074768066
0.008361816
0.009033203
0.010467529
0.011810303
0.012359619
0.013244629
0.0134887695
0.013946533
0.014404297
0.014312744
0.013763428
0.013458252
0.013000488
0.012176514
0.0115356445
0.010009766
0.009765625
0.0093688965
0.009033203
0.00869751
0.008239746
0.008514404
0.0077819824
0.0077819824
0.007659912
0.0071411133
0.006958008
0.0064697266
0.0062561035
0.005645752
0.00592041
0.005340576
0.0050964355
0.0051879883
0.0045776367
0.0044555664
0.0031738281
0.0024719238
0.001739502
0.0010681152
3.3569336E-4
-3.3569336E-4
-0.0010681152
-0.0017089844
-0.0024719238
-0.0031433105
-0.00390625
-0.0044555664
-0.004638672
-0.0051574707
-0.0053100586
-0.0059509277
-0.005645752
-0.006225586
-0.006500244
-0.006439209
-0.0064697266
-0.0064697266
-0.006439209
-0.005706787
-0.005004883
-0.004333496
-0.0035705566
-0.0030212402
-0.0018310547
-8.239746E-4
2.1362305E-4
0.0017700195
0.0030822754
0.004547119
0.0051879883
0.00592041
0.005584717
0.0050964355
0.0051879883
0.005126953
0.0051879883
0.004760742
0.0039367676
0.0033569336
0.0018920898
6.4086914E-4
-2.4414062E-4
-0.001373291
-0.0012512207
-0.0012817383
-0.0013122559
-0.0010070801
-9.1552734E-5
-6.1035156E-5
0.0010681152
0.001953125
0.0032653809
0.004699707
0.0061950684
0.008270264
0.009460449
0.011138916
0.012145996
0.0128479
0.013092041
0.012969971
0.013641357
0.013061523
0.013000488
0.012176514
0.011779785
0.0115356445
0.010650635
0.009979248
0.009246826
0.008544922
0.007904053
0.0071105957
0.007171631
0.007659912
0.0071105957
0.007080078
0.0072021484
0.0067749023
0.006713867
0.007232666
0.0070495605
0.0071411133
0.007598877
0.007843018
0.007659912
0.00793457
0.008300781
0.0076293945
0.0079956055
0.008514404
0.008270264
0.008880615
0.009033203
0.009552002
0.00970459
0.009674072
0.009674072
0.00970459
0.009613037
0.009918213
0.010437012
0.010681152
0.01159668
0.011810303
0.011230469
0.010467529
0.00970459
0.00894165
0.008300781
0.007507324
0.007080078
0.006958008
0.0059814453
0.0058288574
0.0054016113
0.0046081543
0.004486084
0.0051574707
0.0057678223
0.0050964355
0.005126953
0.004180908
0.00390625
0.0035705566
0.0031738281
0.002960205
0.0015258789
7.324219E-4
-5.493164E-4
-0.0019836426
-0.0034179688
-0.004760742
-0.006225586
-0.007537842
-0.009338379
-0.011291504
-0.012512207
-0.014038086
-0.015380859
-0.016296387
-0.016815186
-0.017028809
-0.01751709
-0.017669678
-0.018463135
-0.01889038
-0.018737793
-0.019195557
-0.020019531
-0.020141602
-0.0206604
-0.021453857
-0.022064209
-0.022857666
-0.023376465
-0.023376465
-0.02331543
-0.02368164
-0.024139404
-0.023895264
-0.024505615
-0.02520752
-0.025360107
-0.02520752
-0.024627686
-0.023712158
-0.02243042
-0.021850586
-0.021057129
-0.020507812
-0.019256592
-0.018310547
-0.017181396
-0.015655518
-0.01373291
-0.012878418
-0.011566162
-0.010986328
-0.0099487305
-0.008636475
-0.008117676
-0.007293701
-0.0066833496
-0.0058898926
-0.0052490234
-0.0045166016
-0.004486084
-0.003753662
-0.0030822754
-0.0023498535
-0.0016479492
-0.001159668
-0.0014038086
-7.9345703E-4
-6.4086914E-4
-6.1035156E-4
-0.0012817383
-0.0018615723
-0.0020751953
-0.0025634766
-0.0028381348
-0.0032043457
-0.0035705566
-0.0038452148
-0.0046691895
-0.0053100586
-0.005554199
-0.0059509277
-0.0056152344
-0.004547119
-0.0035705566
-0.0024108887
-0.0015563965
2.4414062E-4
0.0021362305
0.0032958984
0.0053100586
0.006866455
0.00894165
0.009857178
0.010437012
0.011230469
0.011871338
0.012634277
0.013244629
0.014129639
0.014007568
0.013519287
0.013793945
0.013031006
0.012481689
0.012237549
0.01184082
0.0115356445
0.011108398
0.010803223
0.010406494
0.010131836
0.009643555
0.009918213
0.009216309
0.009155273
0.009124756
0.009185791
0.009124756
0.009216309
0.00894165
0.008392334
0.008605957
0.008056641
0.0072021484
0.0071105957
0.0065612793
0.0057678223
0.005065918
0.0036621094
0.0032653809
0.0030822754
0.0022583008
0.0016174316
8.239746E-4
6.1035156E-4
2.4414062E-4
-6.4086914E-4
-5.79834E-4
-0.001373291
-0.0019226074
-0.0029907227
-0.0039367676
-0.004058838
-0.0047302246
-0.0040283203
-0.0042419434
-0.004638672
-0.0043945312
-0.004638672
-0.005004883
-0.004638672
-0.004272461
-0.003967285
-0.0034179688
-0.0022277832
-0.0012817383
2.4414062E-4
0.0015563965
0.0030212402
0.004425049
0.0051879883
0.005859375
0.006591797
0.0073242188
0.0078125
0.0076904297
0.007843018
0.007385254
0.0066833496
0.0054626465
0.003967285
0.0026550293
0.0018615723
0.0012207031
4.5776367E-4
-6.1035156E-5
6.1035156E-5
-9.1552734E-5
3.6621094E-4
0.0010986328
0.0018005371
0.0024719238
0.0038146973
0.0051574707
0.0059509277
0.007385254
0.008972168
0.010101318
0.0107421875
0.011474609
0.012176514
0.012908936
0.01260376
0.012268066
0.011932373
0.012207031
0.01184082
0.011505127
0.011077881
0.010864258
0.010040283
0.00970459
0.009918213
0.009216309
0.009185791
0.009094238
0.008575439
0.008361816
0.007904053
0.0076293945
0.0069885254
0.007171631
0.007080078
0.0071411133
0.007080078
0.0071105957
0.0071105957
0.006439209
0.0057373047
0.0059509277
0.0065612793
0.0064086914
0.0065307617
0.006378174
0.0069274902
0.0071411133
0.0071105957
0.007080078
0.007904053
0.008544922
0.0093688965
0.009735107
0.010070801
0.010253906
0.009643555
0.009887695
0.00970459
0.009887695
0.009185791
0.009155273
0.008422852
0.007873535
0.007751465
0.0068359375
0.006225586
0.0054016113
0.0048217773
0.0039978027
0.0038757324
0.0038757324
0.00390625
0.004486084
0.0046081543
0.005218506
0.005126953
0.0050354004
0.0040283203
0.003967285
0.0030822754
0.0019836426
0.0014343262
9.1552734E-5
-0.0013427734
-0.0033874512
-0.004852295
-0.0069885254
-0.008300781
-0.009857178
-0.010803223
-0.011505127
-0.012207031
-0.012908936
-0.014129639
-0.015075684
-0.016235352
-0.017120361
-0.017456055
-0.017822266
-0.018157959
-0.01852417
-0.018859863
-0.019195557
-0.020111084
-0.020111084
-0.021453857
-0.022216797
-0.02218628
-0.023071289
-0.0234375
-0.023712158
-0.02420044
-0.023986816
-0.02456665
-0.024749756
-0.025268555
-0.025512695
-0.025939941
-0.025390625
-0.024536133
-0.023986816
-0.022979736
-0.02178955
-0.021270752
-0.019958496
-0.018951416
-0.017852783
-0.016326904
-0.014984131
-0.014221191
-0.013580322
-0.0128479
-0.012176514
-0.011444092
-0.0107421875
-0.010040283
-0.009307861
-0.00869751
-0.0073547363
-0.0058288574
-0.0050964355
-0.0044555664
-0.0035705566
-0.0022888184
-0.0017089844
-9.1552734E-4
-5.79834E-4
-7.019043E-4
-5.79834E-4
-0.0012207031
-0.0018615723
-0.0020141602
-0.0025634766
-0.0026245117
-0.0026245117
-0.0038452148
-0.0045776367
-0.0047912598
-0.0056152344
-0.0063171387
-0.006500244
-0.0064697266
-0.00579834
-0.005126953
-0.004272461
-0.00289917
-0.0012207031
6.713867E-4
0.001953125
0.0034179688
0.0048217773
0.005706787
0.0069885254
0.00793457
0.008514404
0.009307861
0.009918213
0.01071167
0.011291504
0.012207031
0.012329102
0.012878418
0.01260376
0.012268066
0.012451172
0.011657715
0.011108398
0.010955811
0.010314941
0.010559082
0.010070801
0.009796143
0.009399414
0.009094238
0.008666992
0.008422852
0.009185791
0.008422852
0.008666992
0.009185791
0.009124756
0.009216309
0.008850098
0.008087158
0.007385254
0.0066833496
0.005859375
0.0057678223
0.0050964355
0.0036621094
0.0032348633
0.0030822754
0.0024108887
0.0028076172
0.001739502
0.0011901855
8.8500977E-4
-0.0
-5.79834E-4
-0.0013427734
-0.0019836426
-0.0027770996
-0.0034179688
-0.004180908
-0.0047912598
-0.005584717
-0.0058288574
-0.0057678223
-0.00579834
-0.0057678223
-0.0058288574
-0.0056762695
-0.004272461
-0.0038146973
-0.0026855469
-0.0016174316
-6.4086914E-4
8.544922E-4
0.0022583008
0.0032043457
0.003753662
0.0051574707
0.005859375
0.006652832
0.0064697266
0.0066833496
0.0061950684
0.0057678223
0.0055236816
0.004638672
0.0040893555
0.0027160645
0.0019226074
0.0012512207
5.493164E-4
-1.8310547E-4
-7.019043E-4
-5.79834E-4
-7.324219E-4
-3.0517578E-4
4.272461E-4
0.001159668
0.0018005371
0.0031738281
0.0045166016
0.0053100586
0.006866455
0.008270264
0.009521484
0.009765625
0.010070801
0.010894775
0.011505127
0.012359619
0.012359619
0.012420654
0.012298584
0.011749268
0.01159668
0.01083374
0.010131836
0.00970459
0.009887695
0.009338379
0.009033203
0.009765625
0.009765625
0.00982666
0.009735107
0.009918213
0.009521484
0.009185791
0.00881958
0.008514404
0.008087158
0.007843018
0.0073547363
0.0065612793
0.0058898926
0.006011963
0.0056762695
0.005340576
0.0059814453
0.0061950684
0.0066223145
0.0068969727
0.007293701
0.0076293945
0.008575439
0.009063721
0.008575439
0.009246826
0.009033203
0.009613037
0.0105896
0.010375977
0.010467529
0.010467529
0.009918213
0.009765625
0.008575439
0.007843018
0.0078125
0.007019043
0.0063171387
0.005859375
0.0059509277
0.00592041
0.00592041
0.00592041
0.0058898926
0.0065612793
0.007171631
0.0072631836
0.0070495605
0.0065307617
0.0064086914
0.005493164
0.0047912598
0.004058838
0.0034484863
0.002166748
7.019043E-4
-0.0012512207
-0.0020446777
-0.0034484863
-0.0039367676
-0.005065918
-0.0062561035
-0.0072021484
-0.008728027
-0.010101318
-0.011016846
-0.011657715
-0.013000488
-0.01373291
-0.014373779
-0.015197754
-0.015625
-0.015838623
-0.016662598
-0.017456055
-0.017669678
-0.018096924
-0.01889038
-0.019561768
-0.020263672
-0.020965576
-0.02166748
-0.022399902
-0.023040771
-0.023864746
-0.024108887
-0.02444458
-0.02532959
-0.02545166
-0.024780273
-0.024108887
-0.024047852
-0.023406982
-0.0234375
-0.022277832
-0.0211792
-0.020507812
-0.019866943
-0.018676758
-0.017700195
-0.017089844
-0.016235352
-0.015594482
-0.014770508
-0.014282227
-0.014221191
-0.013092041
-0.011962891
-0.011413574
-0.010192871
-0.008728027
-0.00793457
-0.0066223145
-0.0044555664
-0.0038146973
-0.0030517578
-0.0024108887
-0.0015563965
-0.0012817383
-0.0010070801
-1.2207031E-4
-0.0
-0.0
-5.493164E-4
-7.324219E-4
-0.0020141602
-0.0027160645
-0.003540039
-0.0049438477
-0.005065918
-0.0056152344
-0.0059509277
-0.0063171387
-0.0066833496
-0.0064697266
-0.0060424805
-0.00491333
-0.0038452148
-0.0028381348
-0.0017089844
-7.6293945E-4
7.019043E-4
0.002105713
0.003479004
0.0049438477
0.0058288574
0.0072021484
0.008544922
0.009307861
0.009857178
0.010894775
0.012054443
0.012756348
0.013092041
0.013031006
0.01260376
0.011749268
0.012329102
0.011779785
0.011749268
0.011749268
0.011627197
0.01071167
0.010467529
0.010070801
0.00970459
0.00982666
0.009765625
0.009796143
0.009796143
0.009765625
0.009857178
0.0095825195
0.009124756
0.00894165
0.008148193
0.0074157715
0.007171631
0.0067749023
0.00592041
0.0059509277
0.005859375
0.0052490234
0.005340576
0.0050964355
0.004180908
0.0036315918
0.0024719238
0.0013427734
0.0013122559
7.324219E-4
3.0517578E-5
-7.019043E-4
-0.0020751953
-0.0035705566
-0.004760742
-0.005584717
-0.0059509277
-0.00592041
-0.005859375
-0.006378174
-0.0066223145
-0.006500244
-0.006591797
-0.006500244
-0.00579834
-0.0050964355
-0.0040893555
-0.0026245117
-0.0012207031
1.5258789E-4
0.0016174316
0.0025024414
0.0031738281
0.0038452148
0.0046081543
0.0053710938
0.006072998
0.0056152344
0.0053100586
0.00491333
0.0041503906
0.0030212402
0.0019836426
0.0014038086
6.4086914E-4
-6.1035156E-5
-6.1035156E-4
1.2207031E-4
-2.1362305E-4
-7.6293945E-4
-3.0517578E-4
3.0517578E-5
3.3569336E-4
0.0012207031
0.001739502
0.0032043457
0.0038452148
0.004699707
0.0061035156
0.006713867
0.0074768066
0.008178711
0.008880615
0.009552002
0.010284424
0.010498047
0.010406494
0.009857178
0.00970459
0.009124756
0.009185791
0.009124756
0.009399414
0.0099487305
0.0093688965
0.009063721
0.009674072
0.009307861
0.009063721
0.009246826
0.009033203
0.0093688965
0.009674072
0.008850098
0.0082092285
0.007446289
0.00680542
0.006011963
0.00592041
0.0053100586
0.0053100586
0.0051879883
0.0044555664
0.0045166016
0.004547119
0.004425049
0.0049743652
0.0053100586
0.005706787
0.006011963
0.0064086914
0.0072631836
0.007873535
0.00869751
0.009063721
0.008331299
0.008911133
0.008850098
0.008422852
0.008178711
0.007232666
0.007232666
0.0065612793
0.0065612793
0.0065307617
0.006591797
0.0065307617
0.0066223145
0.0062561035
0.00579834
0.006011963
0.00579834
0.0065307617
0.0065307617
0.0066223145
0.007171631
0.0072631836
0.0069885254
0.0065307617
0.006378174
0.0054626465
0.0048828125
0.003479004
0.0027160645
0.001373291
6.4086914E-4
-1.5258789E-4
-0.0014343262
-0.0021972656
-0.003753662
-0.005065918
-0.0069885254
-0.00881958
-0.0095825195
-0.01083374
-0.01171875
-0.012359619
-0.012359619
-0.012481689
-0.013092041
-0.013122559
-0.0140686035
-0.014678955
-0.015594482
-0.015625
-0.016662598
-0.01763916
-0.018249512
-0.01965332
-0.020996094
-0.021636963
-0.022491455
-0.022766113
-0.02319336
-0.023651123
-0.023925781
-0.024353027
-0.024139404
-0.024291992
-0.024169922
-0.024261475
-0.02331543
-0.022857666
-0.022613525
-0.021881104
-0.0211792
-0.020446777
-0.01977539
-0.019042969
-0.018920898
-0.0184021
-0.018188477
-0.016845703
-0.016204834
-0.0154418945
-0.014892578
-0.013702393
-0.012573242
-0.01159668
-0.009979248
-0.008728027
-0.0077819824
-0.006591797
-0.0049743652
-0.0037841797
-0.0028381348
-0.0015563965
-0.0012512207
-0.0013122559
-0.0012512207
-0.0013122559
-0.0012207031
-0.0018920898
-0.0025939941
-0.0033569336
-0.003967285
-0.0048217773
-0.005279541
-0.005493164
-0.0063171387
-0.0069885254
-0.007293701
-0.0071411133
-0.0072631836
-0.0071411133
-0.0065612793
-0.0056762695
-0.0043945312
-0.003540039
-0.001739502
1.8310547E-4
0.0010070801
0.002166748
0.0036315918
0.005065918
0.0065612793
0.007873535
0.008666992
0.009155273
0.009277344
0.010131836
0.010467529
0.010375977
0.010803223
0.011657715
0.011749268
0.011779785
0.01171875
0.011810303
0.011566162
0.011077881
0.010894775
0.010284424
0.0105896
0.009918213
0.010192871
0.010559082
0.010345459
0.010528564
0.010284424
0.009857178
0.0095825195
0.009124756
0.009124756
0.009246826
0.008728027
0.008453369
0.008514404
0.008544922
0.007873535
0.007232666
0.0071105957
0.0065307617
0.0064697266
0.005554199
0.005279541
0.005004883
0.004058838
0.0034484863
0.0020751953
0.0013122559
0.0012207031
-9.1552734E-5
-8.239746E-4
-0.0024108887
-0.0035095215
-0.0042419434
-0.0049743652
-0.0061035156
-0.0071411133
-0.0072021484
-0.006652832
-0.0058898926
-0.0052490234
-0.004425049
-0.0027770996
-0.0016784668
-7.6293945E-4
7.019043E-4
0.0021362305
0.0031433105
0.003692627
0.0046081543
0.0046691895
0.005279541
0.005279541
0.005279541
0.0052490234
0.0053100586
0.0050354004
0.004119873
0.003479004
0.0022277832
0.0013122559
7.019043E-4
-9.1552734E-5
-6.4086914E-4
-6.713867E-4
-5.79834E-4
-7.324219E-4
-3.0517578E-4
3.0517578E-5
3.0517578E-4
0.0011901855
0.0017700195
0.0025939941
0.0038146973
0.004852295
0.0060424805
0.00680542
0.007232666
0.007385254
0.008361816
0.008483887
0.008972168
0.009216309
0.009094238
0.009185791
0.009124756
0.009185791
0.009124756
0.009185791
0.009124756
0.009185791
0.009094238
0.0095825195
0.009887695
0.00970459
0.010467529
0.010375977
0.010559082
0.010131836
0.00894165
0.008178711
0.007904053
0.0074768066
0.007171631
0.0067749023
0.0064697266
0.0060424805
0.0051879883
0.0054016113
0.0059509277
0.0058898926
0.0061035156
0.0067749023
0.006072998
0.006286621
0.0066223145
0.006958008
0.007904053
0.008422852
0.008636475
0.009094238
0.009338379
0.009857178
0.009796143
0.0095825195
0.008605957
0.008575439
0.007965088
0.007873535
0.0072021484
0.0066223145
0.0072021484
0.0072631836
0.007080078
0.007598877
0.007537842
0.007446289
0.008026123
0.007751465
0.00793457
0.0078125
0.008544922
0.008483887
0.008544922
0.008453369
0.008575439
0.008239746
0.0074768066
0.0067443848
0.006134033
0.004852295
0.00390625
0.0025939941
0.0012207031
3.9672852E-4
-0.0018310547
-0.002746582
-0.0038757324
-0.005065918
-0.005645752
-0.006378174
-0.0071105957
-0.007232666
-0.0078125
-0.008605957
-0.009216309
-0.009979248
-0.010620117
-0.011383057
-0.012023926
-0.012878418
-0.013519287
-0.014801025
-0.015625
-0.016906738
-0.017700195
-0.018371582
-0.019134521
-0.0206604
-0.020874023
-0.021606445
-0.022369385
-0.022583008
-0.023040771
-0.022827148
-0.022399902
-0.02218628
-0.02230835
-0.021484375
-0.02178955
-0.02130127
-0.021026611
-0.020599365
-0.020111084
-0.020355225
-0.019683838
-0.019561768
-0.019592285
-0.019561768
-0.018798828
-0.018218994
-0.017242432
-0.015991211
-0.015472412
-0.014343262
-0.012878418
-0.011413574
-0.009918213
-0.008605957
-0.007080078
-0.0058898926
-0.0049743652
-0.0036010742
-0.0029907227
-0.0022583008
-0.0014953613
-0.0012512207
-0.0012817383
-0.0018005371
-0.0019836426
-0.0025634766
-0.003326416
-0.0032043457
-0.0042419434
-0.004547119
-0.0051574707
-0.006439209
-0.0065612793
-0.0065612793
-0.0065612793
-0.0065307617
-0.006591797
-0.006500244
-0.005859375
-0.0049438477
-0.003540039
-0.0030517578
-0.0019226074
-4.8828125E-4
8.8500977E-4
0.0023498535
0.0032043457
0.0038146973
0.0053710938
0.00592041
0.0068969727
0.008117676
0.0087890625
0.009460449
0.010223389
0.010467529
0.010406494
0.010437012
0.009887695
0.010345459
0.0105896
0.010955811
0.010467529
0.0113220215
0.010650635
0.010498047
0.0099487305
0.010192871
0.010528564
0.010375977
0.010437012
0.009796143
0.00970459
0.009094238
0.009063721
0.008087158
0.007904053
0.0077819824
0.008331299
0.008544922
0.008514404
0.00793457
0.007873535
0.0078125
0.0071105957
0.007293701
0.0069885254
0.006164551
0.0058898926
0.005584717
0.004699707
0.0040893555
0.0025939941
0.0013427734
3.9672852E-4
-0.0015869141
-0.0028686523
-0.0033569336
-0.004547119
-0.005706787
-0.006286621
-0.007080078
-0.007232666
-0.007171631
-0.007232666
-0.006378174
-0.0051879883
-0.004272461
-0.0027770996
-0.0012817383
-2.746582E-4
7.324219E-4
0.0022583008
0.0036315918
0.0046081543
0.0052490234
0.006011963
0.0065307617
0.005706787
0.0051574707
0.004058838
0.0028076172
0.0022583008
0.0014038086
0.0012817383
7.9345703E-4
-3.0517578E-5
-5.79834E-4
-7.6293945E-4
-0.0013122559
-0.0012817383
-0.0012512207
-0.0013427734
-9.460449E-4
-2.1362305E-4
4.8828125E-4
0.001159668
0.0018920898
0.0025634766
0.003326416
0.003967285
0.0049438477
0.005218506
0.005584717
0.00592041
0.006286621
0.006652832
0.006500244
0.006591797
0.0071411133
0.007232666
0.007171631
0.0072021484
0.0073242188
0.008270264
0.008483887
0.008880615
0.009246826
0.009063721
0.009735107
0.010375977
0.010498047
0.010314941
0.009674072
0.008880615
0.008361816
0.0072021484
0.0061035156
0.0055236816
0.0047302246
0.0046081543
0.0040893555
0.0039367676
0.004058838
0.00390625
0.004211426
0.004638672
0.004852295
0.0056762695
0.006286621
0.0071411133
0.006713867
0.007019043
0.0073242188
0.007080078
0.007385254
0.007873535
0.007904053
0.0078125
0.0079956055
0.0074157715
0.0072021484
0.0067443848
0.0059814453
0.0053100586
0.0053100586
0.005218506
0.005432129
0.0059509277
0.006072998
0.006958008
0.0072631836
0.0071105957
0.0077209473
0.007904053
0.007873535
0.008483887
0.009246826
0.008972168
0.008514404
0.008300781
0.007598877
0.006500244
0.0054016113
0.0048828125
0.0040283203
0.0039978027
0.0026550293
0.0018005371
4.272461E-4
-0.0010070801
-0.0022583008
-0.0027770996
-0.003967285
-0.0051574707
-0.005645752
-0.0065307617
-0.0065307617
-0.007171631
-0.007904053
-0.008605957
-0.009307861
-0.010009766
-0.010681152
-0.011444092
-0.012237549
-0.012878418
-0.0140686035
-0.015594482
-0.016296387
-0.017059326
-0.0184021
-0.019256592
-0.020690918
-0.020935059
-0.021270752
-0.021728516
-0.021514893
-0.022125244
-0.022338867
-0.02166748
-0.020996094
-0.020996094
-0.020996094
-0.020996094
-0.020965576
-0.0211792
-0.022094727
-0.022247314
-0.022705078
-0.023010254
-0.022338867
-0.021636963
-0.020996094
-0.020935059
-0.02017212
-0.019500732
-0.018737793
-0.01776123
-0.015808105
-0.014129639
-0.012817383
-0.011260986
-0.009857178
-0.008453369
-0.0070495605
-0.006500244
-0.0055236816
-0.004333496
-0.0036621094
-0.0028381348
-0.0021362305
-0.0018310547
-0.0025024414
-0.0031738281
-0.0039978027
-0.004699707
-0.0054016113
-0.0061035156
-0.00680542
-0.0074768066
-0.008270264
-0.008575439
-0.008483887
-0.008544922
-0.008483887
-0.00793457
-0.0078125
-0.0071105957
-0.006378174
-0.0057373047
-0.0048217773
-0.0031738281
-0.002166748
-0.0011291504
4.5776367E-4
0.001159668
0.002532959
0.0040283203
0.004699707
0.005432129
0.0061035156
0.0068359375
0.007446289
0.008605957
0.00970459
0.009796143
0.009796143
0.009796143
0.009796143
0.009796143
0.009765625
0.0099487305
0.010559082
