buf 5 of 59 length=1792
0.010314941
0.01083374
0.011352539
0.0105896
0.010375977
0.010467529
0.009796143
0.009124756
0.009185791
0.009094238
0.009216309
0.009063721
0.009307861
0.008636475
0.009002686
0.008666992
0.009002686
0.009216309
0.009185791
0.00982666
0.00982666
0.0095825195
0.009124756
0.00894165
0.008117676
0.0071105957
0.0054626465
0.004760742
0.0033569336
0.002532959
0.001159668
-2.746582E-4
-0.0016174316
-0.0031738281
-0.0043640137
-0.0049438477
-0.0057678223
-0.0059509277
-0.00592041
-0.00592041
-0.00592041
-0.0051574707
-0.0038452148
-0.0029907227
-0.0012512207
7.019043E-4
0.0016479492
0.0023498535
0.0030517578
0.0038146973
0.005126953
0.0053710938
0.0051879883
0.0054016113
0.005065918
0.0046691895
0.0043640137
0.003967285
0.0036315918
0.002746582
0.0021362305
0.0013427734
7.019043E-4
6.1035156E-4
6.713867E-4
5.493164E-4
-1.5258789E-4
3.0517578E-4
6.4086914E-4
9.765625E-4
0.001373291
0.0016174316
0.0025939941
0.0030822754
0.004119873
0.004547119
0.0048217773
0.005218506
0.0055236816
0.00592041
0.006225586
0.006652832
0.006500244
0.0065612793
0.007080078
0.0072631836
0.0071411133
0.007293701
0.008087158
0.008544922
0.00869751
0.009552002
0.010131836
0.010955811
0.011749268
0.0113220215
0.011688232
0.0113220215
0.011047363
0.010406494
0.010375977
0.009246826
0.008178711
0.0072021484
0.0059814453
0.0059509277
0.00592041
0.0053710938
0.005218506
0.0053100586
0.005218506
0.0054016113
0.006225586
0.006591797
0.00680542
0.0077209473
0.007873535
0.007873535
0.007873535
0.007873535
0.007873535
0.007873535
0.007843018
0.007904053
0.007843018
0.007904053
0.007843018
0.007965088
0.0073242188
0.007171631
0.0072021484
0.0065612793
0.0065612793
0.006591797
0.006500244
0.0067749023
0.007537842
0.008239746
0.008911133
0.009674072
0.00982666
0.009796143
0.009765625
0.009124756
0.009155273
0.009155273
0.009155273
0.009155273
0.00894165
0.0076293945
0.006713867
0.0056152344
0.0040283203
0.0032958984
0.0024414062
0.001159668
4.8828125E-4
-2.1362305E-4
-9.1552734E-4
-0.0016174316
-0.002319336
-0.0030822754
-0.0032653809
-0.0032348633
-0.0026550293
-0.0025939941
-0.0033569336
-0.0042419434
-0.0057373047
-0.007080078
-0.008544922
-0.009857178
-0.011383057
-0.0128479
-0.01373291
-0.014923096
-0.015808105
-0.016326904
-0.017303467
-0.01864624
-0.019134521
-0.018920898
-0.019470215
-0.019714355
-0.020141602
-0.020446777
-0.019744873
-0.019683838
-0.019744873
-0.01965332
-0.019866943
-0.020568848
-0.021331787
-0.02166748
-0.021636963
-0.021606445
-0.022125244
-0.022338867
-0.022216797
-0.02230835
-0.02218628
-0.021453857
-0.020843506
-0.019866943
-0.018371582
-0.016937256
-0.0154418945
-0.014099121
-0.012664795
-0.01071167
-0.009063721
-0.0077819824
-0.0070495605
-0.006378174
-0.0056762695
-0.0049743652
-0.0043029785
-0.0034484863
-0.0031738281
-0.0032653809
-0.0032043457
-0.0039978027
-0.0039978027
-0.0048828125
-0.006164551
-0.0067443848
-0.007537842
-0.007965088
-0.007751465
-0.008361816
-0.008544922
-0.008514404
-0.008483887
-0.007843018
-0.0070495605
-0.0064697266
-0.0054626465
-0.004333496
-0.0036315918
-0.0028686523
-0.0017700195
-2.1362305E-4
5.79834E-4
0.0012207031
0.0019836426
0.0033569336
0.0041503906
0.0048217773
0.005554199
0.006225586
0.006958008
0.007598877
0.008422852
0.008483887
0.009094238
0.009155273
0.009216309
0.009796143
0.0099487305
0.01071167
0.010437012
0.01071167
0.010040283
0.009735107
0.00982666
0.009246826
0.009063721
0.008544922
0.0077209473
0.008148193
0.008270264
0.008026123
0.008666992
0.008361816
0.009002686
0.009185791
0.009643555
0.0105896
0.010498047
0.010650635
0.010345459
0.009796143
0.0095825195
0.009063721
0.008972168
0.0075683594
0.006713867
0.005554199
0.0033569336
0.0018920898
4.8828125E-4
-7.9345703E-4
-0.0015258789
-0.0032653809
-0.0040893555
-0.004211426
-0.0051879883
-0.005218506
-0.0058288574
-0.0059509277
-0.00592041
-0.005218506
-0.0045776367
-0.0036315918
-0.0022888184
-0.0015258789
1.8310547E-4
9.765625E-4
0.0021972656
0.0031738281
0.0038452148
0.0046691895
0.0046081543
0.004699707
0.004486084
0.003967285
0.0038146973
0.002746582
0.0026550293
0.0021972656
0.0014038086
0.0012512207
7.6293945E-4
5.187988E-4
9.1552734E-5
-1.8310547E-4
-6.4086914E-4
-7.324219E-4
-3.0517578E-4
3.0517578E-5
3.0517578E-4
0.0011901855
0.0012817383
0.0018310547
0.0019836426
0.0018615723
0.0019836426
0.0018310547
0.0021972656
0.0025939941
0.0028686523
0.0033874512
0.0030822754
0.00390625
0.0039978027
0.004638672
0.0052490234
0.0053710938
0.0060424805
0.0069274902
0.008300781
0.008453369
0.008850098
0.009307861
0.008605957
0.008483887
0.008514404
0.007904053
0.0078125
0.0071105957
0.007293701
0.0069274902
0.0065307617
0.006286621
0.0054626465
0.0047912598
0.0045776367
0.0041503906
0.00390625
0.0040893555
0.0038757324
0.0042419434
0.004638672
0.0048828125
0.005645752
0.0063476562
0.0066223145
0.0065307617
0.006591797
0.0065307617
0.0059509277
0.0066223145
0.006500244
0.006652832
0.0062561035
0.00592041
0.005584717
0.0051574707
0.0054016113
0.0046691895
0.005218506
0.005279541
0.005279541
0.005340576
0.006225586
0.006500244
0.0070495605
0.008453369
0.008422852
0.008972168
0.00970459
0.009857178
0.009735107
0.009185791
0.009124756
0.009216309
0.008972168
0.008178711
0.0075683594
0.0064086914
0.0053100586
0.0053100586
0.0047302246
0.0032958984
0.0025024414
0.0018615723
0.0010375977
6.4086914E-4
4.5776367E-4
-4.272461E-4
-6.4086914E-4
-0.0010375977
-0.0014038086
-0.0011901855
-0.001953125
-0.002532959
-0.0035095215
-0.004760742
-0.0056762695
-0.0070495605
-0.008605957
-0.009490967
-0.010681152
-0.012176514
-0.01361084
-0.014373779
-0.015136719
-0.015655518
-0.01586914
-0.016326904
-0.01663208
-0.017181396
-0.017364502
-0.017913818
-0.017608643
-0.018310547
-0.018920898
-0.019104004
-0.018981934
-0.019958496
-0.020233154
-0.020690918
-0.020690918
-0.020599365
-0.021057129
-0.021362305
-0.021759033
-0.022064209
-0.023010254
-0.022827148
-0.023040771
-0.022705078
-0.02218628
-0.021057129
-0.020050049
-0.018981934
-0.017578125
-0.015594482
-0.013916016
-0.01260376
-0.011108398
-0.008972168
-0.007751465
-0.006866455
-0.005554199
-0.005065918
-0.004180908
-0.003967285
-0.0039978027
-0.0039978027
-0.0039978027
-0.0046081543
-0.0053710938
-0.00592041
-0.006011963
-0.006866455
-0.0072021484
-0.007446289
-0.008392334
-0.008514404
-0.008514404
-0.008483887
-0.008544922
-0.0077819824
-0.007171631
-0.006225586
-0.0050354004
-0.0043640137
-0.0037231445
-0.0025024414
-0.0014038086
-8.239746E-4
-5.79834E-4
-1.2207031E-4
7.6293945E-4
0.0012512207
0.0022583008
0.003540039
0.004272461
0.004852295
0.006011963
0.0070495605
0.007659912
0.008422852
0.009094238
0.009216309
0.009918213
0.009887695
0.010070801
0.010650635
0.010498047
0.010620117
0.010498047
0.010620117
0.010040283
0.009246826
0.008483887
0.008575439
0.008422852
0.008728027
0.009033203
0.008361816
0.00881958
0.009613037
0.010375977
0.011077881
0.011230469
0.011749268
0.012512207
0.012481689
0.0132751465
0.0128479
0.012542725
0.011993408
0.010406494
0.009033203
0.0074768066
0.006164551
0.004699707
0.0033569336
0.001739502
5.187988E-4
-3.0517578E-4
-0.0018005371
-0.0029907227
-0.0036621094
-0.0044555664
-0.0046691895
-0.0046081543
-0.0046691895
-0.0046081543
-0.004638672
-0.0038452148
-0.0032348633
-0.002105713
-9.765625E-4
-9.1552734E-5
0.0014953613
0.0024719238
0.0025939941
0.0032043457
0.0033874512
0.0039367676
0.0040283203
0.003967285
0.0040283203
0.0039978027
0.0038146973
0.0027770996
0.0026550293
0.0020751953
0.0018920898
0.001373291
0.0012207031
0.0013122559
0.0012512207
0.0013122559
0.0012512207
0.0013122559
0.0012207031
0.0016784668
0.0020141602
0.0018310547
0.0025939941
0.0025634766
0.0026855469
0.0024108887
0.0020751953
0.0026550293
0.0025939941
0.0025024414
0.0030517578
0.0033569336
0.0038146973
0.004058838
0.004547119
0.004699707
0.0053710938
0.0060424805
0.006958008
0.0082092285
0.00881958
0.009246826
0.009094238
0.009216309
0.009094238
0.009185791
0.009124756
0.009185791
0.009124756
0.009094238
0.008148193
0.007904053
0.007537842
0.007080078
0.0073242188
0.006652832
0.0065612793
0.0059509277
0.0058898926
0.0059814453
0.0066833496
0.0064086914
0.006958008
0.0069274902
0.0064697266
0.0065612793
0.007019043
0.007293701
0.0071411133
0.00793457
0.0078125
0.007843018
0.0068359375
0.0066833496
0.006134033
0.006286621
0.0062561035
0.00579834
0.0055236816
0.004547119
0.004760742
0.0051879883
0.005432129
0.0060424805
0.007080078
0.008270264
0.00881958
0.00970459
0.010345459
0.011138916
0.011169434
0.011230469
0.011077881
0.0105896
0.010406494
0.009857178
0.009735107
0.008392334
0.0074157715
0.0067443848
0.0060424805
0.005340576
0.0052490234
0.0053100586
0.0051879883
0.004486084
0.0037231445
0.0032653809
0.0033569336
0.0032958984
0.0033569336
0.0028381348
0.0014343262
6.4086914E-4
-6.4086914E-4
-0.0014038086
-0.0028686523
-0.0034179688
-0.0045776367
-0.005554199
-0.006652832
-0.0076904297
-0.008758545
-0.010345459
-0.011749268
-0.012451172
-0.012573242
-0.013122559
-0.0132751465
-0.0138549805
-0.013916016
-0.014923096
-0.015014648
-0.015625
-0.015899658
-0.016326904
-0.017181396
-0.017700195
-0.017852783
-0.01852417
-0.01928711
-0.019958496
-0.020690918
-0.021362305
-0.022125244
-0.023376465
-0.02432251
-0.024291992
-0.024353027
-0.024230957
-0.023620605
-0.023620605
-0.02243042
-0.021270752
-0.020355225
-0.01876831
-0.017486572
-0.015991211
-0.014007568
-0.012329102
-0.011199951
-0.010253906
-0.00894165
-0.008270264
-0.0075683594
-0.0068359375
-0.006134033
-0.0058288574
-0.0059814453
-0.005859375
-0.006011963
-0.0058288574
-0.0068969727
-0.007843018
-0.008239746
-0.009399414
-0.00894165
-0.009765625
-0.009460449
-0.009033203
-0.009246826
-0.009063721
-0.008575439
-0.008392334
-0.007751465
-0.006958008
-0.0063171387
-0.005584717
-0.0049438477
-0.004180908
-0.0035095215
-0.0026855469
-0.0019836426
-0.0012207031
-6.1035156E-4
2.746582E-4
0.0015258789
0.0021362305
0.002960205
0.003692627
0.004425049
0.005065918
0.0063171387
0.007171631
0.008453369
0.009216309
0.009094238
0.009185791
0.009094238
0.009246826
0.00881958
0.008148193
0.0073242188
0.0072021484
0.006652832
0.0065307617
0.0065612793
0.0065612793
0.0065307617
0.006713867
0.007507324
0.008178711
0.008880615
0.009674072
0.010406494
0.011138916
0.011199951
0.011871338
0.012481689
0.012512207
0.012329102
0.011749268
0.01171875
0.010406494
0.009429932
0.008270264
0.0067443848
0.0059509277
0.004058838
0.002380371
3.6621094E-4
-8.544922E-4
-0.0014648438
-0.0022583008
-0.0029296875
-0.0038452148
-0.003967285
-0.004486084
-0.0046691895
-0.0046081543
-0.0039978027
-0.003967285
-0.002960205
-0.0016479492
-8.544922E-4
7.6293945E-4
0.0017089844
0.0023498535
0.0031738281
0.00390625
0.004058838
0.0039367676
0.0040893555
0.0037841797
0.0033569336
0.0030517578
0.002532959
0.0022888184
0.0017700195
0.0020751953
0.0013122559
0.0013122559
0.0012207031
0.0014038086
0.0018310547
0.0011901855
0.0013122559
0.0012512207
0.0013122559
0.0012512207
0.0013427734
7.6293945E-4
6.1035156E-4
6.4086914E-4
6.4086914E-4
6.1035156E-4
7.6293945E-4
0.0015563965
0.0020141602
0.0018005371
0.0023498535
0.0026245117
0.0030822754
0.003967285
0.0039978027
0.004699707
0.006072998
0.0066223145
0.007537842
0.0078125
0.0082092285
0.008514404
0.008972168
0.009338379
0.009216309
0.009246826
0.008544922
0.008422852
0.007843018
0.007843018
0.007965088
0.007537842
0.0071411133
0.0072021484
0.007232666
0.0066833496
0.0065307617
0.0065612793
0.00592041
0.00592041
0.0059509277
0.005859375
0.006225586
0.006591797
0.006866455
0.0073547363
0.0071105957
0.007293701
0.0071105957
0.0066833496
0.006378174
0.0059814453
0.0056762695
0.005279541
0.005004883
0.0045166016
0.004760742
0.004119873
0.003967285
0.0039978027
0.0039978027
0.0047302246
0.0054016113
0.0061035156
0.00680542
0.007507324
0.008239746
0.008972168
0.009796143
0.0099487305
0.009887695
0.009918213
0.009918213
0.009857178
0.008972168
0.008483887
0.008361816
0.007385254
0.007232666
0.0067749023
0.006500244
0.006072998
0.005218506
0.005340576
0.005126953
0.004638672
0.0046081543
0.0046691895
0.0045776367
0.004760742
0.0038146973
0.0026550293
0.0020751953
7.019043E-4
-3.0517578E-5
-7.324219E-4
-0.0014038086
-0.0022583008
-0.0039367676
-0.0049438477
-0.00592041
-0.007446289
-0.008880615
-0.009887695
-0.010437012
-0.011260986
-0.01184082
-0.0126953125
-0.013092041
-0.013336182
-0.013916016
-0.013702393
-0.014160156
-0.014953613
-0.01574707
-0.01586914
-0.016418457
-0.017181396
-0.017822266
-0.018554688
-0.019348145
-0.021057129
-0.022064209
-0.022857666
-0.023010254
-0.023468018
-0.024261475
-0.024353027
-0.024902344
-0.025024414
-0.024810791
-0.024169922
-0.023345947
-0.022857666
-0.021575928
-0.0206604
-0.018951416
-0.017242432
-0.015960693
-0.013824463
-0.012237549
-0.010375977
-0.009735107
-0.009002686
-0.008148193
-0.007843018
-0.007873535
-0.007904053
-0.007843018
-0.007904053
-0.0078125
-0.007965088
-0.007659912
-0.0073547363
-0.007904053
-0.008056641
-0.008911133
-0.009674072
-0.009979248
-0.009887695
-0.0099487305
-0.009887695
-0.009918213
-0.009124756
-0.008392334
-0.0076293945
-0.006958008
-0.006225586
-0.0056152344
-0.004760742
-0.004699707
-0.0035705566
-0.0025939941
-0.0019226074
-0.0012207031
-3.9672852E-4
8.544922E-4
0.0016784668
0.0030822754
0.003540039
0.0048828125
0.0057678223
0.0064086914
0.0077209473
0.008575439
0.009216309
0.009307861
0.009063721
0.008392334
0.008636475
0.008148193
0.007843018
0.007507324
0.006591797
0.0065612793
0.0065307617
0.006591797
0.007293701
0.008026123
0.008728027
0.009552002
0.010223389
0.010955811
0.01159668
0.012390137
0.012481689
0.013061523
0.013793945
0.013824463
0.014526367
0.014221191
0.01373291
0.013671875
0.012329102
0.011444092
0.010314941
0.008728027
0.0073242188
0.00592041
0.0045166016
0.003112793
0.0014953613
4.5776367E-4
-5.493164E-4
-0.0017089844
-0.002319336
-0.0026855469
-0.002532959
-0.0026550293
-0.002532959
-0.0019226074
-0.0011291504
-5.493164E-4
4.272461E-4
0.0016174316
0.0021972656
0.0030517578
0.0037841797
0.004119873
0.0033569336
0.0033569336
0.0032653809
0.003479004
0.0038757324
0.0033874512
0.004211426
0.0036315918
0.0032653809
0.0034179688
0.0027770996
0.002532959
0.0026550293
0.0025634766
0.0034179688
0.0031433105
0.0025634766
0.0024414062
0.0015563965
0.0012512207
0.0012817383
0.0012817383
0.0012817383
0.0012817383
7.019043E-4
5.79834E-4
-3.0517578E-5
1.2207031E-4
7.9345703E-4
4.8828125E-4
0.0010681152
0.0011901855
0.002166748
0.0027160645
0.0030822754
0.0040893555
0.0045166016
0.0047912598
0.005340576
0.0061950684
0.006713867
0.007659912
0.0077819824
0.008361816
0.008117676
0.007751465
0.008483887
0.007904053
0.007904053
0.008636475
0.008270264
0.007904053
0.007598877
0.0071105957
0.0072631836
0.007171631
0.007232666
0.007171631
0.007232666
0.006500244
0.0066223145
0.0064697266
0.0068359375
0.0072021484
0.007537842
0.007965088
0.007873535
0.0073547363
0.0076904297
0.007385254
0.007080078
0.0065612793
0.005706787
0.0051574707
0.0043029785
0.003967285
0.0039978027
0.0039978027
0.0039978027
0.0039978027
0.0039978027
0.0039978027
0.0047912598
0.006072998
0.0067443848
0.007446289
0.0082092285
0.008850098
0.00982666
0.009460449
0.009155273
0.009277344
0.009216309
0.009216309
0.008453369
0.008453369
0.007659912
0.008117676
0.0071105957
0.006500244
0.0061950684
0.0057678223
0.0065307617
0.0065612793
0.0065307617
0.006591797
0.0064086914
0.005859375
0.00579834
0.0048217773
0.0046691895
0.004211426
0.0039367676
0.003540039
0.0025634766
0.001373291
4.272461E-4
-8.239746E-4
-0.0024414062
-0.0036010742
-0.004333496
-0.00491333
-0.006134033
-0.007080078
-0.007751465
-0.008453369
-0.009277344
-0.0099487305
-0.0107421875
-0.011169434
-0.011383057
-0.011962891
-0.011749268
-0.012207031
-0.012939453
-0.013671875
-0.013824463
-0.014434814
-0.015319824
-0.016540527
-0.01739502
-0.018829346
-0.020263672
-0.021820068
-0.022827148
-0.0234375
-0.024169922
-0.024871826
-0.024993896
-0.025604248
-0.025665283
-0.025543213
-0.024658203
-0.024353027
-0.023834229
-0.022491455
-0.022125244
-0.020751953
-0.019348145
-0.017242432
-0.0152282715
-0.01361084
-0.013122559
-0.012023926
-0.011199951
-0.010772705
-0.0093688965
-0.009277344
-0.009216309
-0.009277344
-0.009216309
-0.009277344
-0.009216309
-0.009277344
-0.009216309
-0.009277344
-0.009216309
-0.009307861
-0.009155273
-0.009735107
-0.009918213
-0.010467529
-0.010009766
-0.009887695
-0.009887695
-0.009155273
-0.009185791
-0.008087158
-0.007965088
-0.0074768066
-0.0071411133
-0.006866455
-0.005432129
-0.0046691895
-0.003326416
-0.002532959
-0.0017700195
-0.0011291504
-2.1362305E-4
0.0012512207
0.0026550293
0.0042419434
0.0051574707
0.0057678223
0.0065307617
0.0071411133
0.007293701
0.007873535
0.007904053
0.0078125
0.007965088
0.007507324
0.007171631
0.00680542
0.006439209
0.0066223145
0.0070495605
0.0073547363
0.0077819824
0.008056641
0.008544922
0.008666992
0.009918213
0.011016846
0.011566162
0.012359619
0.012969971
0.013793945
0.014465332
0.01461792
0.015197754
0.015136719
0.015197754
0.014984131
0.013793945
0.012268066
0.010925293
0.009490967
0.007446289
0.0058288574
0.004638672
0.002960205
0.0018310547
8.239746E-4
-3.0517578E-4
-0.0010375977
-0.0013122559
-0.0016174316
-0.0025634766
-0.0020446777
-0.0018310547
-0.001373291
-0.0011291504
-6.4086914E-4
-4.8828125E-4
2.746582E-4
9.460449E-4
0.0016479492
0.0024108887
0.0026550293
0.002532959
0.0026550293
0.0025024414
0.002746582
0.0032043457
0.0025024414
0.0026245117
0.0025939941
0.0025939941
0.0025939941
0.0025939941
0.0026245117
0.0025634766
0.0026245117
0.002532959
0.0026855469
0.002380371
0.0019226074
0.0017089844
0.0011291504
0.0014343262
7.6293945E-4
6.4086914E-4
9.1552734E-5
-3.0517578E-5
-0.0
-7.019043E-4
-5.493164E-4
-8.544922E-4
-0.0012207031
-1.2207031E-4
-1.2207031E-4
8.544922E-4
0.0018310547
0.0024719238
0.0032958984
0.0033874512
0.0040283203
0.004852295
0.0052490234
0.0055236816
0.0059509277
0.006225586
0.0066833496
0.006439209
0.0071105957
0.0078125
0.007904053
0.007843018
0.007843018
0.0069274902
0.0065612793
0.006378174
0.005493164
0.0052490234
0.0052490234
0.0057678223
0.0059814453
0.0064697266
0.006652832
0.0072021484
0.007293701
0.0082092285
0.008636475
0.008636475
0.008239746
0.0073547363
0.0067443848
0.0059814453
0.0053100586
0.005279541
0.0051879883
0.0046081543
0.004547119
0.0036315918
0.0032653809
0.0033569336
0.0032348633
0.0038452148
0.0039978027
0.0050964355
0.0059814453
0.0058898926
0.0067749023
0.0072021484
0.007232666
0.007171631
0.007232666
0.0071411133
0.0076293945
0.008514404
0.008605957
0.009185791
0.008605957
0.008636475
0.008483887
0.007598877
0.0068969727
0.0064697266
0.0066223145
0.0065307617
0.0065612793
0.0070495605
0.007293701
0.0077819824
0.007965088
0.0077819824
0.0079956055
0.007537842
0.007171631
0.0069274902
0.006072998
0.005493164
0.004180908
0.0033569336
0.0019226074
0.0011901855
4.8828125E-4
-1.5258789E-4
-0.0010986328
-0.002319336
-0.0029296875
-0.0038146973
-0.004425049
-0.0051879883
-0.005859375
-0.0059814453
-0.0072631836
-0.0079956055
-0.00881958
-0.009429932
-0.010314941
-0.010498047
-0.010955811
-0.011230469
-0.011627197
-0.012420654
-0.013122559
-0.014526367
-0.015350342
-0.01675415
-0.018249512
-0.019317627
-0.020446777
-0.02154541
-0.022155762
-0.022888184
-0.023590088
-0.024261475
-0.025024414
-0.025634766
-0.024902344
-0.024871826
-0.023986816
-0.023498535
-0.022277832
-0.02130127
-0.020202637
-0.019104004
-0.017944336
-0.016418457
-0.015106201
-0.0134887695
-0.012298584
-0.01159668
-0.010925293
-0.010192871
-0.009552002
-0.008728027
-0.008605957
-0.008605957
-0.008636475
-0.009216309
-0.009246826
-0.009216309
-0.009277344
-0.009216309
-0.009307861
-0.008880615
-0.008514404
-0.00869751
-0.008514404
-0.009246826
-0.008575439
-0.009460449
-0.009765625
-0.009277344
-0.009002686
-0.008575439
-0.008270264
-0.007446289
-0.006286621
-0.005340576
-0.0041503906
-0.0032958984
-0.0024719238
-0.0011291504
-3.6621094E-4
0.0011291504
0.002532959
0.0038146973
0.004272461
0.005584717
0.0064697266
0.0071105957
0.007873535
0.007873535
0.007873535
0.007873535
0.007751465
0.0068359375
0.0065307617
0.0065612793
0.0065612793
0.0065307617
0.0065612793
0.0071105957
0.0073242188
0.0078125
0.008026123
0.008758545
0.009735107
0.010986328
0.011444092
0.01272583
0.01361084
0.014892578
0.01586914
0.015777588
0.015930176
0.01651001
0.016357422
0.015563965
0.014892578
0.014160156
0.013061523
0.011444092
0.01071167
0.009399414
0.007904053
0.006439209
0.0050964355
0.0036315918
0.0021362305
8.544922E-4
7.019043E-4
2.4414062E-4
-6.1035156E-5
3.0517578E-5
-3.0517578E-5
5.79834E-4
6.1035156E-5
6.4086914E-4
6.4086914E-4
7.324219E-4
0.0016479492
0.0018920898
0.0022888184
0.0026855469
0.002532959
0.0026855469
0.001953125
0.001953125
0.0025939941
0.0026245117
0.0025634766
0.0028076172
0.0037231445
0.004058838
0.003967285
0.0040283203
0.003967285
0.004058838
0.00390625
0.0033874512
0.0031433105
0.0025939941
0.0024108887
0.0016174316
9.1552734E-4
5.79834E-4
6.713867E-4
6.4086914E-4
1.2207031E-4
-6.1035156E-5
-6.1035156E-4
-0.0014038086
-0.001159668
-0.0014343262
-9.1552734E-4
-7.019043E-4
-2.4414062E-4
-0.0
4.5776367E-4
6.713867E-4
0.0011901855
0.0019226074
0.0020141602
0.0035705566
0.0040893555
0.0049743652
0.0054626465
0.0064697266
0.0061035156
0.0063476562
0.006134033
0.0058288574
0.0053710938
0.005218506
0.0053100586
0.005279541
0.005218506
0.005554199
0.0059509277
0.0062561035
0.006652832
0.006958008
0.0073242188
0.0077209473
0.008026123
0.008575439
0.008636475
0.008575439
0.008636475
0.008575439
0.008605957
0.008605957
0.008148193
0.006713867
0.0059509277
0.0052490234
0.0045776367
0.0038146973
0.0032653809
0.0034179688
0.0030212402
0.0024108887
0.0031433105
0.0033569336
0.0032958984
0.0038757324
0.0053100586
0.005859375
0.006072998
0.0065612793
0.0067443848
0.007293701
0.0071411133
0.007232666
0.0072021484
0.0072021484
0.007232666
0.006591797
0.0065612793
0.0065307617
0.006591797
0.006500244
0.0066223145
0.006439209
0.007019043
0.007171631
0.0077209473
0.007904053
0.007904053
0.008514404
0.00793457
0.0076904297
0.0072021484
0.0069274902
0.006713867
0.007446289
0.006652832
0.0066223145
0.0055236816
0.0046081543
0.0033874512
0.0024719238
0.0018310547
0.0010986328
3.9672852E-4
-2.4414062E-4
-0.0013122559
-0.0024719238
-0.0030517578
-0.003967285
-0.004486084
-0.005340576
-0.0058288574
-0.006072998
-0.0065612793
-0.006713867
-0.007507324
-0.008239746
-0.009002686
-0.00970459
-0.010406494
-0.011108398
-0.011810303
-0.013183594
-0.014709473
-0.016143799
-0.017486572
-0.018981934
-0.02041626
-0.021881104
-0.022888184
-0.023498535
-0.024230957
-0.025024414
-0.025726318
-0.025665283
-0.024963379
-0.02520752
-0.024597168
-0.023254395
-0.022766113
-0.021942139
-0.021331787
-0.020050049
-0.01852417
-0.017730713
-0.01638794
-0.014984131
-0.014434814
-0.013549805
-0.012908936
-0.012023926
-0.0119018555
-0.011352539
-0.011627197
-0.011444092
-0.010467529
-0.010620117
-0.00970459
-0.009338379
-0.009002686
-0.008575439
-0.008544922
-0.00894165
-0.009674072
-0.010498047
-0.010009766
