buf 54 of 59 length=1792
0.00390625
0.0040893555
0.00390625
0.0034179688
0.0031433105
0.002746582
0.0024414062
0.0018615723
0.0019226074
0.0019836426
0.0014953613
0.0012512207
7.9345703E-4
5.493164E-4
7.324219E-4
5.493164E-4
7.324219E-4
4.272461E-4
-6.1035156E-5
3.0517578E-5
-0.0
3.0517578E-5
-4.272461E-4
-7.6293945E-4
-5.493164E-4
-7.6293945E-4
-4.5776367E-4
-1.8310547E-4
-4.8828125E-4
6.1035156E-5
3.0517578E-5
-9.1552734E-5
4.5776367E-4
2.746582E-4
-1.2207031E-4
9.1552734E-5
-6.713867E-4
-6.1035156E-4
-7.019043E-4
-4.8828125E-4
9.1552734E-5
-6.1035156E-5
9.1552734E-5
-3.9672852E-4
-7.019043E-4
-6.1035156E-4
-6.713867E-4
-6.1035156E-4
-6.4086914E-4
-6.4086914E-4
-6.4086914E-4
-6.4086914E-4
-6.4086914E-4
-6.713867E-4
-5.79834E-4
-0.0010375977
-0.001373291
-0.0012207031
-0.0013427734
-0.0018310547
-0.0020141602
-0.0018005371
-0.0021972656
-0.0026855469
-0.0029296875
-0.003479004
-0.00289917
-0.0025939941
-0.0027770996
-0.001953125
-0.001953125
-0.0018615723
-0.0020141602
-0.0017700195
-0.0022888184
-0.002380371
-0.0021362305
-0.002960205
-0.0020446777
-0.0019226074
-0.0019226074
-0.0019226074
-0.0019226074
-0.0019226074
-0.0018615723
-9.765625E-4
-6.713867E-4
-3.3569336E-4
3.0517578E-5
3.6621094E-4
7.6293945E-4
5.187988E-4
0.0012817383
0.0018615723
0.0019836426
0.0018310547
0.002166748
0.002746582
0.0026550293
0.0026550293
0.0030517578
0.003479004
0.0031738281
0.0040283203
0.00390625
0.004119873
0.003753662
0.0035705566
0.0037841797
0.003479004
0.0041503906
0.0039367676
0.0039978027
0.004486084
0.004180908
0.00390625
0.004058838
0.0039367676
0.004058838
0.0039367676
0.004058838
0.0039367676
0.0040893555
0.0035705566
0.0027770996
0.0026855469
0.0020141602
0.0018615723
0.001953125
0.0010375977
7.019043E-4
3.9672852E-4
-9.1552734E-5
9.1552734E-5
-4.272461E-4
-6.713867E-4
-0.0010681152
-0.0014038086
-0.0017700195
-0.002105713
-0.0025939941
-0.0029296875
-0.0032958984
-0.0035705566
-0.004333496
-0.0050964355
-0.0053100586
-0.005279541
-0.0052490234
-0.005340576
-0.005859375
-0.0059814453
-0.0057373047
-0.0052490234
-0.0052490234
-0.0053710938
-0.0048828125
-0.0045776367
-0.004638672
-0.0046691895
-0.0040283203
-0.0040283203
-0.0039367676
-0.004119873
-0.0036621094
-0.0036010742
-0.0037841797
-0.0031738281
-0.0034179688
-0.0032653809
-0.0033569336
-0.003326416
-0.003326416
-0.0033569336
-0.0032958984
-0.0034179688
-0.0030822754
-0.0026550293
-0.002380371
-0.0016784668
-0.0026245117
-0.0020446777
-0.002532959
-0.0020446777
-0.0018310547
-0.0019836426
-0.0018005371
-0.0010375977
-5.79834E-4
-6.713867E-4
-6.1035156E-4
-6.713867E-4
-6.4086914E-4
-6.4086914E-4
-6.4086914E-4
-5.79834E-4
-3.0517578E-5
-7.6293945E-4
-4.272461E-4
6.1035156E-5
-3.0517578E-5
3.0517578E-5
-3.0517578E-5
3.0517578E-5
-6.1035156E-5
6.1035156E-5
-6.1035156E-5
8.239746E-4
0.0011291504
7.6293945E-4
0.0014038086
0.0011901855
0.0015563965
0.0024719238
0.002746582
0.0026245117
0.0032348633
0.0033874512
0.0039367676
0.004119873
0.0046691895
0.0046081543
0.004638672
0.004638672
0.004638672
0.0046691895
0.0046081543
0.0051879883
0.005340576
0.005859375
0.006011963
0.006652832
0.0064697266
0.006866455
0.007446289
0.007232666
0.0074157715
0.0067749023
0.0059814453
0.00592041
0.00592041
0.00592041
0.00592041
0.00592041
0.00592041
0.00592041
0.00592041
0.00592041
0.0059509277
0.005432129
0.0051879883
0.0053710938
0.005126953
0.0047912598
0.0051879883
0.0045166016
0.004699707
0.0045776367
0.0047302246
0.0041503906
0.0039978027
0.0034484863
0.0032653809
0.003326416
0.0025939941
0.0027770996
0.0024719238
0.0016174316
0.0011901855
0.0014038086
8.239746E-4
6.1035156E-4
1.5258789E-4
-9.1552734E-5
-5.493164E-4
-7.019043E-4
-5.493164E-4
-8.544922E-4
-0.0013122559
-0.0012817383
-0.0012512207
-0.0013427734
-7.9345703E-4
-0.0010681152
-0.0014038086
-0.0011901855
-0.0020751953
-0.0016784668
-0.0014953613
-0.0017700195
-0.0011901855
-0.0013122559
-0.0012512207
-0.0012817383
-0.0012817383
-0.0012512207
-0.0013122559
-0.0011901855
-6.4086914E-4
-6.1035156E-4
-7.019043E-4
-5.493164E-4
-9.765625E-4
-0.001373291
-0.0011901855
-0.0017700195
-0.0020141602
-0.0018310547
-0.0020446777
-0.0025634766
-0.0018920898
-0.0019226074
-0.0019226074
-0.0019226074
-0.001953125
-0.0018920898
-0.001953125
-0.0018920898
-0.001953125
-0.0018615723
-0.0019836426
-0.0018310547
-0.0021972656
-0.002532959
-0.0016784668
-0.0024108887
-0.002746582
-0.0026245117
-0.0031738281
-0.0033874512
-0.0032653809
-0.0033874512
-0.0032348633
-0.003540039
-0.0039978027
-0.0042419434
-0.0047302246
-0.0045776367
-0.0046691895
-0.0046081543
-0.0046691895
-0.0046081543
-0.004638672
-0.0038452148
-0.003326416
-0.0031738281
-0.0025634766
-0.0028076172
-0.0022277832
-0.0018310547
-0.0020141602
-0.0013427734
-0.0012817383
-6.4086914E-4
-6.713867E-4
-4.8828125E-4
-0.0
1.8310547E-4
7.6293945E-4
5.79834E-4
6.4086914E-4
0.0010375977
0.0014038086
0.0017089844
0.002105713
0.0016784668
0.0015258789
0.0017089844
0.0014648438
0.0018005371
0.0010375977
0.0018005371
0.0015258789
0.001159668
0.0018920898
0.0018920898
0.001953125
0.0018310547
0.0012207031
0.0013427734
0.0010681152
4.5776367E-4
0.0010681152
0.0013122559
0.0012817383
0.0012512207
0.0013122559
5.79834E-4
-0.0
-8.8500977E-4
-0.0012207031
-0.0015563965
-0.0018920898
-0.002319336
-0.0027770996
-0.0026550293
-0.0026550293
-0.0032653809
-0.003967285
-0.0040893555
-0.0046081543
-0.0048217773
-0.0053100586
-0.005493164
-0.006072998
-0.0057678223
-0.006439209
-0.0065307617
-0.0072021484
-0.0073547363
-0.007293701
-0.0073242188
-0.0073242188
-0.007293701
-0.007385254
-0.0069885254
-0.006378174
-0.0071105957
-0.0074157715
-0.006652832
-0.0065307617
-0.0065612793
-0.005859375
-0.0059814453
-0.0057373047
-0.0051879883
-0.0053710938
-0.0049438477
-0.0045166016
-0.004760742
-0.004058838
-0.004547119
-0.0046691895
-0.004638672
-0.0046081543
-0.004699707
-0.0043945312
-0.004119873
-0.0048828125
-0.0041503906
-0.0039978027
-0.003967285
-0.004058838
-0.0039367676
-0.0040893555
-0.0038757324
-0.004180908
-0.0036315918
-0.0036621094
-0.0037231445
-0.0032653809
-0.002960205
-0.0026245117
-0.0021362305
-0.0012512207
-0.0013122559
-0.0012817383
-0.0012512207
-0.0013427734
-0.0010070801
-7.9345703E-4
-0.0015258789
-7.324219E-4
-0.0010986328
-0.0013427734
-0.0012512207
-7.019043E-4
-5.79834E-4
1.2207031E-4
7.019043E-4
6.1035156E-4
6.713867E-4
6.4086914E-4
6.1035156E-4
0.0010681152
0.001373291
0.001739502
0.0020751953
0.002532959
0.00289917
0.0032348633
0.0036010742
0.0038146973
0.003112793
0.0038146973
0.0039978027
0.0044555664
0.0047302246
0.0045776367
0.005340576
0.0051879883
0.0054626465
0.00592041
0.0059509277
0.0058288574
0.0063476562
0.0062561035
0.0057373047
0.0065307617
0.0065307617
0.006591797
0.0065307617
0.006591797
0.006500244
0.006652832
0.0062561035
0.0058288574
0.0059509277
0.0058898926
0.0059509277
0.0058898926
0.00592041
0.0058898926
0.0051879883
0.005432129
0.0059814453
0.005859375
0.0059814453
0.005554199
0.0051574707
0.0054016113
0.0046691895
0.0046691895
0.0051879883
0.0046691895
0.0045166016
0.0038146973
0.0030212402
0.0026245117
0.0026855469
0.0026855469
0.0026550293
0.0027160645
0.0019836426
0.0019226074
0.0018615723
0.0012207031
0.0013122559
0.0012817383
0.0010986328
1.8310547E-4
-0.0
-3.0517578E-5
3.0517578E-5
-3.0517578E-5
6.1035156E-5
-6.1035156E-5
1.2207031E-4
-2.4414062E-4
-4.272461E-4
-1.2207031E-4
-8.544922E-4
-1.5258789E-4
3.0517578E-5
-0.0
-0.0
-0.0
-0.0
-3.0517578E-5
3.0517578E-5
-3.0517578E-5
6.1035156E-5
-1.2207031E-4
4.272461E-4
6.4086914E-4
0.0011291504
8.239746E-4
5.493164E-4
7.019043E-4
5.493164E-4
-6.1035156E-5
6.1035156E-5
-1.2207031E-4
3.6621094E-4
3.6621094E-4
-1.2207031E-4
6.1035156E-5
-3.0517578E-5
3.0517578E-5
6.1035156E-4
6.4086914E-4
6.713867E-4
4.8828125E-4
-6.1035156E-5
3.0517578E-5
3.0517578E-5
-3.6621094E-4
-7.6293945E-4
-5.79834E-4
-7.019043E-4
-0.001159668
-0.001373291
-0.0011901855
-0.0014038086
-0.0010986328
-0.0017089844
-0.0015563965
-0.0015869141
-0.0019836426
-0.0024108887
-0.0028076172
-0.0025939941
-0.0019836426
-0.0018615723
-0.0010986328
-6.4086914E-4
-5.79834E-4
-0.0010070801
-0.0010375977
-5.187988E-4
-7.019043E-4
-6.1035156E-4
-9.1552734E-5
6.1035156E-5
6.713867E-4
5.79834E-4
8.544922E-4
0.0012817383
0.0015258789
0.0020141602
0.0018920898
0.0018615723
0.0025634766
0.0020446777
0.0025939941
0.0026550293
0.001953125
0.0028076172
0.0025939941
0.002746582
0.0026550293
0.0026855469
0.0030517578
0.003479004
0.0032043457
0.0034484863
0.0031738281
0.0035705566
0.003753662
0.003540039
0.0038146973
0.0032043457
0.0033569336
0.0033569336
0.0028686523
0.0026245117
0.0020446777
0.0018615723
0.0019226074
0.001159668
0.0014038086
0.0010070801
5.79834E-4
6.713867E-4
3.3569336E-4
-5.79834E-4
-6.1035156E-4
-0.0012207031
-0.0018920898
-0.0028076172
-0.0032653809
-0.003540039
-0.003967285
-0.004272461
-0.0046691895
-0.0049743652
-0.0054016113
-0.005218506
-0.0053100586
-0.0052490234
-0.005279541
-0.005279541
-0.0052490234
-0.0053100586
-0.005218506
-0.0054016113
-0.0048217773
-0.005004883
-0.005340576
-0.0057373047
-0.006011963
-0.0058288574
-0.005279541
-0.0053100586
-0.005126953
-0.004547119
-0.004699707
-0.0046081543
-0.0046691895
-0.0046081543
-0.004638672
-0.004638672
-0.0046081543
-0.0039978027
-0.0039978027
-0.0040283203
-0.0038146973
-0.0031433105
-0.0037841797
-0.003692627
-0.003112793
-0.003967285
-0.0034179688
-0.003326416
-0.003326416
-0.0032958984
-0.0024108887
-0.001953125
-0.0016784668
-0.0012207031
-0.0010070801
-4.5776367E-4
-0.0012207031
-0.0012512207
-0.0013122559
-0.0012207031
-0.0013427734
-0.0011291504
-6.1035156E-4
-6.4086914E-4
-6.4086914E-4
-6.4086914E-4
-6.713867E-4
-6.1035156E-4
-7.019043E-4
-6.1035156E-5
6.1035156E-4
7.019043E-4
0.0013122559
0.0012512207
0.0012817383
0.0012817383
0.0012817383
0.0012512207
0.0013122559
0.0012207031
0.0018615723
0.0013427734
0.001953125
0.0018615723
0.0021362305
0.0026855469
0.0029296875
0.0033569336
0.0036621094
0.004058838
0.0043945312
0.0047302246
0.005126953
0.0053710938
0.0051879883
0.005432129
0.0060424805
0.005645752
0.0054016113
0.0064086914
0.0065612793
0.0065612793
0.006591797
0.0059814453
0.0058898926
0.00592041
0.0059509277
0.005859375
0.006134033
0.006652832
0.0065307617
0.006591797
0.006591797
0.006072998
0.0058288574
0.0059814453
0.0051879883
0.0053710938
0.005065918
0.004638672
0.0046081543
0.0047302246
0.0042419434
0.0039367676
0.0039978027
0.0039978027
0.003967285
0.0040893555
0.004547119
0.003967285
0.0039978027
0.0040283203
0.003967285
0.004058838
0.0036010742
0.0028076172
0.0026550293
0.0020751953
0.0017700195
0.0014038086
0.0010681152
7.019043E-4
3.6621094E-4
-0.0
-3.0517578E-4
-7.6293945E-4
-5.493164E-4
-0.0011901855
-0.0013122559
-0.0012512207
-0.0013122559
-0.0012512207
-0.0013122559
-0.0012512207
-0.0013122559
-0.0012512207
-0.0013122559
-0.0012512207
-0.0013122559
-0.0012207031
-0.0013427734
-0.001159668
-7.324219E-4
-0.0013122559
-0.0012817383
-0.0012817383
-0.0012817383
-0.0012817383
-0.0013122559
-0.0012512207
-0.0013122559
-0.0012512207
-7.324219E-4
-0.0012207031
-5.493164E-4
-8.239746E-4
-0.001373291
-0.0012207031
-0.0013427734
-0.0012512207
-0.0013122559
-0.0012207031
-0.0013427734
-0.0012207031
-0.001373291
-0.001159668
-0.0015258789
-0.001739502
-0.0011901855
-0.0013122559
-0.0012817383
-0.0012207031
-0.0018005371
-0.0019226074
-0.0026245117
-0.003326416
-0.0033569336
-0.0032653809
-0.003540039
-0.004058838
-0.0040283203
-0.0036315918
-0.0032043457
-0.0033874512
-0.0032653809
-0.0033569336
-0.0032958984
-0.0033569336
-0.0032958984
-0.0033569336
-0.0032653809
-0.0034179688
-0.0029296875
-0.0026855469
-0.0021972656
-0.0018005371
-0.0020446777
-0.0018005371
-0.0020446777
-0.0017089844
-0.0013427734
-0.0010070801
-6.713867E-4
-3.3569336E-4
9.1552734E-5
-3.0517578E-5
-0.0
3.0517578E-5
-3.0517578E-5
7.019043E-4
5.187988E-4
8.8500977E-4
0.0011901855
0.0016174316
0.0018615723
0.0024414062
0.0022277832
0.0018310547
0.001953125
0.001953125
0.0018310547
0.0021362305
0.0024719238
0.0020751953
0.002746582
0.0029296875
0.0034179688
0.003326416
0.00289917
0.0025939941
0.002746582
0.0019226074
0.0018920898
0.0011901855
0.0014038086
0.0010070801
6.4086914E-4
3.0517578E-4
-6.1035156E-5
-3.6621094E-4
-7.6293945E-4
-0.0010681152
-0.0014343262
-0.0018005371
-0.002105713
-0.002746582
-0.0036621094
-0.0039978027
-0.004058838
-0.00390625
-0.0044555664
-0.0046691895
-0.0046081543
-0.0051879883
-0.0053710938
-0.0058898926
-0.0060424805
-0.0066223145
-0.0065307617
-0.006591797
-0.006500244
-0.006652832
-0.006072998
-0.005859375
-0.0059509277
-0.00592041
-0.00592041
-0.0059814453
-0.0057373047
-0.0053710938
-0.006134033
-0.005493164
-0.005279541
-0.005279541
-0.0053100586
-0.0052490234
-0.004699707
-0.004547119
-0.004058838
-0.0047302246
-0.004547119
-0.004760742
-0.004272461
-0.0039978027
-0.0035705566
-0.0032348633
-0.0033874512
-0.0032958984
-0.0033569336
-0.0032958984
-0.003326416
-0.0033569336
-0.003112793
-0.002532959
-0.0028381348
-0.0021362305
-0.0018920898
-0.0019226074
-0.0019226074
-0.0018920898
-0.0013122559
-0.0020141602
-0.001739502
-0.0011901855
-0.0015563965
-0.0020751953
-0.0014648438
-0.0012512207
-0.0012817383
-0.0013122559
-0.0012512207
-0.0013427734
-0.0011291504
-6.4086914E-4
-4.5776367E-4
1.2207031E-4
-1.2207031E-4
3.9672852E-4
7.324219E-4
5.79834E-4
7.019043E-4
0.0011291504
7.9345703E-4
0.0011901855
0.0014953613
0.0018920898
0.0022277832
0.0027770996
0.0026550293
0.0026550293
0.0031433105
0.0033874512
0.0038757324
0.004119873
0.0045776367
0.004760742
0.0053710938
0.0051879883
0.005584717
0.006011963
0.005859375
0.0059814453
0.005859375
0.0059814453
0.005859375
0.0059814453
0.005859375
0.006011963
0.00579834
0.0062561035
0.0065612793
0.0066223145
0.006072998
0.0058898926
0.0058898926
0.0059814453
0.006439209
0.0060424805
0.0064697266
0.0058288574
0.0059509277
0.0059509277
0.005584717
0.0051574707
0.0054016113
0.0046691895
0.0046691895
0.0045776367
0.004760742
0.0051879883
0.0046691895
0.0055236816
0.0048217773
0.0047302246
0.004180908
0.0040283203
0.0034484863
0.003326416
0.0032653809
0.002746582
0.0025024414
0.0019226074
0.0017089844
0.0012512207
0.0010070801
5.187988E-4
7.324219E-4
5.79834E-4
7.019043E-4
5.79834E-4
7.019043E-4
5.79834E-4
7.019043E-4
5.493164E-4
7.9345703E-4
2.1362305E-4
3.6621094E-4
3.6621094E-4
-2.1362305E-4
6.713867E-4
-3.0517578E-5
9.1552734E-5
6.1035156E-4
7.019043E-4
5.79834E-4
7.324219E-4
4.8828125E-4
0.0011291504
8.544922E-4
0.0010070801
0.0014038086
6.4086914E-4
6.4086914E-4
6.713867E-4
5.187988E-4
-6.1035156E-5
3.0517578E-5
-3.0517578E-5
3.0517578E-5
-3.0517578E-5
3.0517578E-5
-6.1035156E-5
5.79834E-4
6.1035156E-5
-3.0517578E-5
-0.0
-0.0
-3.0517578E-5
6.1035156E-5
-1.2207031E-4
4.5776367E-4
2.746582E-4
-1.2207031E-4
6.1035156E-5
-3.0517578E-5
-6.1035156E-4
-6.1035156E-4
-7.6293945E-4
-0.001373291
-0.0012207031
-0.0013122559
-0.0012512207
-0.0013427734
-0.0011901855
-0.0018615723
-0.001373291
-0.0018310547
-0.0012512207
-0.0014038086
-0.0018920898
-0.0010375977
-0.001739502
-0.0016174316
-0.0011901855
-0.0013427734
-0.0012512207
-0.0013122559
-0.0012512207
-6.4086914E-4
-6.4086914E-4
-5.493164E-4
3.0517578E-4
6.713867E-4
6.4086914E-4
6.1035156E-4
6.713867E-4
6.1035156E-4
6.713867E-4
0.0011901855
0.0014038086
0.0018920898
0.0020751953
0.0029296875
0.0034484863
0.0032043457
0.0037841797
0.0036621094
0.0031433105
0.0039978027
0.0033569336
0.0033569336
0.0032653809
0.003479004
0.0040283203
0.0040283203
0.00390625
0.0043945312
0.004333496
0.0038757324
0.0040893555
0.0039367676
0.0033874512
0.0032348633
0.0026245117
0.002746582
0.0025634766
0.0030517578
0.0030517578
0.0026245117
0.0022583008
0.0013427734
7.324219E-4
5.79834E-4
-0.0
6.1035156E-5
-1.8310547E-4
-6.4086914E-4
-8.8500977E-4
-0.0013427734
-0.0015869141
-0.0020751953
-0.0018005371
-0.0025939941
-0.0032958984
-0.0033569336
-0.0040893555
-0.0046691895
-0.004638672
-0.0046081543
-0.0046691895
-0.004547119
-0.005065918
-0.0053100586
-0.005279541
-0.0052490234
-0.0053100586
-0.0051879883
-0.0054626465
-0.0057678223
-0.0053710938
-0.006134033
-0.005493164
-0.0052490234
-0.005279541
-0.005279541
-0.005279541
-0.005279541
-0.005279541
-0.005279541
-0.0051879883
-0.004333496
-0.003967285
-0.0039978027
-0.0039978027
-0.0039978027
-0.0039978027
-0.003967285
-0.0040283203
-0.003967285
-0.0040283203
-0.0039367676
-0.0040893555
-0.0037231445
-0.0032348633
-0.0033569336
-0.0032958984
-0.003326416
-0.0033569336
-0.002746582
-0.0019226074
-0.0019226074
-0.0019226074
-0.0019226074
-0.0019226074
-0.001953125
-0.0018920898
-0.0020141602
-0.0014343262
-0.0017089844
-0.0020446777
-0.0018310547
-0.0013427734
-0.0012207031
-0.001373291
-0.0010375977
-5.79834E-4
-6.713867E-4
-6.1035156E-4
-6.713867E-4
-6.1035156E-4
-6.713867E-4
-0.0
-3.0517578E-5
9.1552734E-5
6.713867E-4
6.4086914E-4
5.79834E-4
9.1552734E-4
0.0014038086
0.001159668
0.0018005371
0.0019226074
0.0025939941
0.0027160645
0.0026550293
0.0027770996
0.0035705566
0.004058838
0.003967285
0.0039978027
0.0039978027
0.003967285
0.0040283203
0.003967285
0.004058838
0.00390625
0.004180908
0.0045776367
0.00491333
0.0052490234
0.0056762695
0.0056152344
0.0051879883
0.004852295
0.0045166016
0.0047302246
0.0045776367
0.004699707
0.0045776367
0.0046691895
0.0045776367
0.004699707
0.0045776367
0.0047302246
0.0040893555
0.0039978027
0.0033569336
0.003326416
0.0032958984
0.0033874512
0.0032043457
0.003692627
0.0037231445
0.0032653809
0.0029907227
0.0025634766
0.0027770996
0.0020141602
0.0018615723
0.0013427734
0.0011291504
6.713867E-4
4.272461E-4
-9.1552734E-5
3.0517578E-5
-0.0
-3.0517578E-5
6.1035156E-5
-5.79834E-4
-6.4086914E-4
-0.0013427734
-0.0011291504
-7.324219E-4
-0.001373291
-0.0012207031
-0.0013122559
-0.0012512207
-0.0013122559
-0.0012512207
-0.0018005371
-0.0019836426
-0.0018615723
-0.0019836426
-0.0018310547
-0.002166748
-0.0027770996
-0.0026550293
-0.0027160645
-0.0026855469
-0.0026855469
-0.0026855469
-0.0026855469
-0.0026855469
-0.0026855469
-0.0026550293
-0.0027160645
-0.0026550293
-0.002746582
-0.0026245117
-0.0028381348
-0.0020446777
-0.0025024414
-0.002105713
-0.0012512207
-0.0013122559
-0.0013122559
-0.001159668
-5.493164E-4
-6.713867E-4
-6.4086914E-4
-5.79834E-4
-0.0010681152
-0.001373291
-0.0012207031
-0.0013122559
-0.0012512207
-0.0013427734
-0.002105713
-0.002746582
-0.0026550293
-0.0027160645
-0.0026855469
-0.0026855469
-0.0030822754
-0.003967285
-0.003967285
-0.0046691895
-0.0045776367
-0.0048217773
-0.0051879883
-0.0045166016
-0.0047302246
-0.004547119
-0.0047302246
-0.0041503906
-0.003967285
-0.0039978027
-0.0039978027
-0.0032958984
-0.0033874512
-0.0031433105
-0.0026550293
-0.0026550293
-0.0028076172
-0.0021362305
-0.0024108887
-0.0022583008
-0.001739502
-0.0020751953
-0.0011291504
-7.324219E-4
-4.5776367E-4
3.0517578E-5
-0.0
-3.0517578E-5
3.0517578E-5
-6.1035156E-5
4.5776367E-4
0.0012207031
0.0013122559
0.0018920898
0.001953125
0.0018615723
0.0020751953
0.0028686523
0.0022277832
0.0022277832
0.0028686523
0.0025024414
0.0032958984
0.0032653809
0.0034179688
0.0031738281
0.0027770996
0.0024414062
0.0019226074
0.0016479492
0.0011901855
0.0013122559
0.0012817383
0.0013122559
7.6293945E-4
5.187988E-4
1.2207031E-4
-1.8310547E-4
-5.493164E-4
-9.1552734E-4
-0.0012512207
-0.0015869141
-0.001953125
-0.002319336
-0.0032653809
-0.003326416
-0.003326416
-0.003326416
-0.003326416
-0.003326416
-0.0032958984
-0.0035095215
-0.0043945312
-0.0046691895
-0.004638672
-0.0046081543
-0.0051574707
-0.0053100586
-0.005859375
-0.0059814453
-0.0058288574
-0.0051879883
-0.0054016113
-0.00491333
-0.0048828125
-0.0054016113
-0.005218506
-0.0053100586
-0.0052490234
-0.005279541
-0.004638672
-0.004638672
-0.004547119
-0.0037841797
-0.0043945312
-0.004333496
-0.003967285
-0.0035705566
-0.0032653809
-0.0028686523
-0.0025939941
-0.0033874512
-0.0032958984
-0.0032958984
-0.002380371
-0.0018920898
-0.0019226074
-0.0019226074
-0.0019226074
-0.0019226074
-0.0018920898
-0.001953125
-0.0018920898
-0.001953125
-0.0018615723
-0.0020141602
-0.0016784668
-0.0012207031
-0.0012817383
-0.0012817383
-0.0012512207
-0.0013427734
-6.713867E-4
-6.713867E-4
-5.493164E-4
-3.0517578E-5
1.5258789E-4
6.713867E-4
6.713867E-4
5.493164E-4
0.0010375977
0.0013427734
0.0012817383
0.0012512207
0.0013427734
0.0011901855
0.0014648438
0.001739502
0.0014038086
0.0020141602
0.0019226074
0.0018615723
0.0024414062
0.0027160645
0.0031738281
0.0033874512
0.003967285
0.0039978027
0.004119873
0.0046691895
0.004760742
0.005645752
0.0059814453
0.0058288574
0.006378174
0.0066223145
0.0065307617
0.007293701
0.0073547363
0.007293701
0.0073547363
0.0072631836
0.007446289
0.0068969727
0.0064697266
0.006591797
0.0065612793
0.0065612793
0.006591797
0.0072631836
0.0065307617
0.006591797
0.0065307617
0.006591797
0.0065307617
0.006652832
0.006134033
0.005859375
0.0059509277
0.0058898926
0.00592041
0.00592041
0.0058898926
0.0059814453
0.0056762695
0.0052490234
0.005004883
0.004486084
0.0047912598
0.004058838
0.0040283203
0.0039367676
0.0033569336
0.0032958984
0.0033874512
0.003112793
0.0025634766
0.0028076172
0.0022277832
0.0014648438
7.324219E-4
0.001159668
7.6293945E-4
5.493164E-4
7.324219E-4
5.493164E-4
7.9345703E-4
2.746582E-4
2.4414062E-4
8.239746E-4
1.5258789E-4
-6.1035156E-5
3.0517578E-5
-3.0517578E-5
3.0517578E-5
-6.1035156E-5
6.1035156E-5
-9.1552734E-5
3.0517578E-4
6.4086914E-4
9.765625E-4
0.001373291
0.0012512207
8.239746E-4
5.493164E-4
7.324219E-4
5.493164E-4
7.6293945E-4
3.9672852E-4
1.5258789E-4
7.9345703E-4
5.187988E-4
0.0010681152
0.0013427734
0.0012512207
0.0013122559
6.713867E-4
6.1035156E-4
6.4086914E-4
6.1035156E-4
6.713867E-4
6.1035156E-4
7.019043E-4
5.187988E-4
0.001159668
8.239746E-4
0.0010681152
0.0014038086
5.493164E-4
7.6293945E-4
4.5776367E-4
-0.0
-3.0517578E-5
9.1552734E-5
-3.6621094E-4
-7.019043E-4
-6.1035156E-4
-6.713867E-4
-6.4086914E-4
-6.4086914E-4
-6.713867E-4
-0.0014343262
-0.001953125
-0.0018920898
-0.0019226074
-0.0019226074
-0.0019226074
-0.0019226074
-0.0019226074
-0.001953125
-0.0013122559
-0.0019226074
-0.001159668
-0.0015258789
-0.0017700195
-0.0011901855
-0.0013122559
-0.0013122559
-8.544922E-4
-5.493164E-4
-7.019043E-4
-6.1035156E-5
6.1035156E-5
6.4086914E-4
6.713867E-4
5.79834E-4
9.1552734E-4
0.0013122559
0.0015563965
0.0020751953
0.0017700195
0.0026245117
0.0026550293
0.002746582
0.002532959
0.0020141602
0.0027770996
0.0026245117
0.00289917
0.0037841797
0.0040283203
0.0039978027
0.003967285
0.0040283203
0.0039367676
0.0033874512
0.0031738281
0.0026855469
0.0024719238
0.0018005371
0.0020141602
0.0018615723
0.0019836426
0.0018615723
0.0019836426
0.0018310547
0.0014343262
0.0018005371
0.0013122559
0.0010986328
5.79834E-4
4.5776367E-4
-5.187988E-4
-5.79834E-4
-0.0011291504
-0.0013122559
-0.0018310547
-0.0019836426
-0.002746582
-0.0033569336
-0.0034484863
-0.0041503906
-0.0038757324
-0.0040893555
-0.0038757324
-0.0045166016
-0.0046691895
-0.0040893555
-0.0045166016
-0.0047912598
-0.005218506
-0.0054626465
-0.0059509277
-0.00592041
-0.0058898926
-0.0059509277
-0.0058898926
-0.0059814453
-0.005859375
-0.006011963
-0.0057678223
-0.005432129
-0.00579834
-0.0051879883
-0.0053100586
-0.0052490234
-0.005279541
-0.0052490234
-0.0053100586
-0.004760742
-0.0045776367
-0.004699707
-0.004547119
-0.003967285
-0.0040283203
-0.003967285
-0.004058838
-0.0036621094
-0.0031738281
-0.0038452148
-0.004058838
-0.0033569336
-0.003326416
-0.0025939941
-0.0019226074
-0.0018615723
-0.002166748
-0.0028076172
-0.0026245117
-0.0027160645
-0.0026550293
-0.0027160645
-0.0026855469
-0.0020141602
-0.0026550293
-0.0026245117
-0.0018005371
-0.0020446777
-0.0016174316
-0.0012207031
-0.0012817383
-0.0012817383
-0.0012512207
-0.0013122559
-6.713867E-4
-3.0517578E-5
3.0517578E-5
-6.1035156E-5
2.1362305E-4
7.019043E-4
6.4086914E-4
5.79834E-4
0.0010375977
0.0013427734
0.001739502
0.0020141602
0.0025634766
0.0027770996
0.0025939941
