buf 7 of 59 length=1792
-0.021240234
-0.02218628
-0.022857666
-0.023223877
-0.023040771
-0.02319336
-0.023040771
-0.022583008
-0.022338867
-0.021697998
-0.0206604
-0.01953125
-0.018676758
-0.016998291
-0.016021729
-0.015350342
-0.01461792
-0.013946533
-0.0138549805
-0.013214111
-0.0132751465
-0.013183594
-0.013427734
-0.014160156
-0.014923096
-0.015167236
-0.015563965
-0.016418457
-0.016998291
-0.0178833
-0.01852417
-0.018463135
-0.01776123
-0.018005371
-0.017578125
-0.016815186
-0.01574707
-0.014251709
-0.012878418
-0.0119018555
-0.010681152
-0.00982666
-0.008453369
-0.0068969727
-0.005554199
-0.0040893555
-0.0028686523
-0.002746582
-0.0021972656
-0.0018615723
-0.0014648438
-0.0011901855
-7.324219E-4
-5.493164E-4
-7.019043E-4
-5.493164E-4
-7.6293945E-4
-3.3569336E-4
3.0517578E-5
2.746582E-4
0.0012512207
0.0011901855
0.002532959
0.003326416
0.0040893555
0.0054016113
0.0061035156
0.006713867
0.0077819824
0.009063721
0.009521484
0.01083374
0.011749268
0.012451172
0.0132751465
0.013793945
0.014038086
0.01449585
0.014709473
0.0152282715
0.015136719
0.015167236
0.015167236
0.015167236
0.015167236
0.015167236
0.014556885
0.01449585
0.013702393
0.013122559
0.012084961
0.010772705
0.010284424
0.009399414
0.009246826
0.0087890625
0.0073242188
0.00592041
0.004547119
0.0039367676
0.0030822754
0.0027160645
0.002380371
0.0018005371
0.0020141602
0.0018615723
0.0019836426
0.0018920898
0.001953125
0.0018615723
0.0019836426
0.001739502
0.001373291
0.0021362305
0.0015258789
0.0012817383
0.0012512207
0.001373291
7.019043E-4
6.713867E-4
5.493164E-4
6.1035156E-5
-1.8310547E-4
-6.1035156E-4
-8.8500977E-4
-0.0013122559
-0.0015869141
-0.0020446777
-0.0018615723
-0.001953125
-0.0018920898
-0.0019226074
-0.0012512207
-0.0013122559
-0.0012207031
-0.0013427734
-0.0011901855
-0.0016479492
-0.0019226074
-0.0024108887
-0.0028076172
-0.0025939941
-0.0033569336
-0.0039367676
-0.004119873
-0.004699707
-0.0046081543
-0.004699707
-0.0043640137
-0.0036010742
-0.0028381348
-0.0026550293
-0.002105713
-0.0012512207
-0.0012817383
1.8310547E-4
5.79834E-4
9.460449E-4
0.002319336
0.002960205
0.003753662
0.0043945312
0.0051574707
0.0053100586
0.005279541
0.0058898926
0.00592041
0.0058898926
0.0059509277
0.0058898926
0.0059509277
0.0058288574
0.0063476562
0.006591797
0.007019043
0.0073242188
0.0071105957
0.0073242188
0.007965088
0.007965088
0.008056641
0.009002686
0.009216309
0.009338379
0.008758545
0.008575439
0.008605957
0.008087158
0.0078125
0.0065307617
0.0056762695
0.005340576
0.005004883
0.004638672
0.0043029785
0.00390625
0.004058838
0.003967285
0.0039978027
0.0039978027
0.004699707
0.005432129
0.0060424805
0.007019043
0.008453369
0.008514404
0.009033203
0.009246826
0.009735107
0.009979248
0.010467529
0.010620117
0.010528564
0.0105896
0.010559082
0.010406494
0.009429932
0.009277344
0.00881958
0.008514404
0.008666992
0.008544922
0.008026123
0.007904053
0.008056641
0.0077209473
0.007080078
0.007293701
0.006866455
0.006134033
0.005432129
0.0047302246
0.0045776367
0.0046691895
0.00390625
0.004119873
0.003692627
0.0034179688
0.0027160645
0.0014953613
5.187988E-4
-5.493164E-4
-0.0015869141
-0.002746582
-0.0032348633
-0.004852295
-0.0059814453
-0.0068969727
-0.008422852
-0.009857178
-0.010986328
-0.011505127
-0.012786865
-0.014312744
-0.015106201
-0.01638794
-0.018005371
-0.019226074
-0.020080566
-0.021362305
-0.022003174
-0.022888184
-0.023132324
-0.023468018
-0.024414062
-0.023925781
-0.023773193
-0.023803711
-0.023010254
-0.022369385
-0.021484375
-0.020935059
-0.019805908
-0.018737793
-0.018096924
-0.017425537
-0.016082764
-0.015197754
-0.014526367
-0.014556885
-0.014465332
-0.01473999
-0.015136719
-0.015594482
-0.017089844
-0.017150879
-0.01763916
-0.018432617
-0.019042969
-0.019836426
-0.019744873
-0.019897461
-0.019592285
-0.019226074
-0.018707275
-0.017456055
-0.016571045
-0.014770508
-0.014099121
-0.012756348
-0.0119018555
-0.010467529
-0.009155273
-0.0075683594
-0.006378174
-0.005432129
-0.004272461
-0.0036010742
-0.0032653809
-0.002960205
-0.0019836426
-0.001373291
-6.1035156E-4
-6.713867E-4
-6.1035156E-4
-6.713867E-4
-6.1035156E-4
-7.019043E-4
-3.3569336E-4
4.272461E-4
0.0010986328
0.0018005371
0.0025939941
0.003326416
0.0040893555
0.005432129
0.006011963
0.0068359375
0.0074157715
0.008666992
0.009643555
0.010772705
0.011779785
0.012451172
0.013244629
0.013885498
0.0146484375
0.015197754
0.015106201
0.015411377
0.015960693
0.01574707
0.015930176
0.015716553
0.016448975
0.01586914
0.015838623
0.01574707
0.015167236
0.015045166
0.014282227
0.013580322
0.012939453
0.011779785
0.010192871
0.009338379
0.00869751
0.007904053
0.0065612793
0.0057373047
0.005340576
0.0050354004
0.004638672
0.0043640137
0.0038757324
0.004058838
0.003967285
0.0040283203
0.003967285
0.003326416
0.0033569336
0.0032043457
0.0025634766
0.0028076172
0.0023498535
0.0015258789
8.8500977E-4
9.1552734E-5
-0.0
-5.493164E-4
-7.019043E-4
-0.0012817383
-0.0012512207
-0.0013122559
-0.0012207031
-0.001373291
-8.8500977E-4
-6.4086914E-4
-2.1362305E-4
9.1552734E-5
-3.0517578E-5
6.1035156E-4
6.713867E-4
6.1035156E-4
7.019043E-4
3.9672852E-4
-6.1035156E-5
-0.0
3.0517578E-5
-3.9672852E-4
-0.0011901855
-0.0013122559
-0.0018310547
-0.0020446777
-0.0026550293
-0.0028381348
-0.0033874512
-0.0032958984
-0.0033569336
-0.0032958984
-0.0033874512
-0.00289917
-0.0020141602
-0.0013122559
-6.4086914E-4
1.2207031E-4
0.0014953613
0.0020446777
0.0032348633
0.0041503906
0.0038452148
0.0044555664
0.004699707
0.0046081543
0.005218506
0.0053100586
0.0052490234
0.0053100586
0.005218506
0.005493164
0.0060424805
0.00579834
0.0063476562
0.006591797
0.0069885254
0.00793457
0.008514404
0.00869751
0.009246826
0.009277344
0.009216309
0.009277344
0.009185791
0.0093688965
0.008728027
0.009063721
0.0087890625
0.008483887
0.008056641
0.007843018
0.007080078
0.006378174
0.0056152344
0.005279541
0.0049743652
0.0045166016
0.0047302246
0.004547119
0.005279541
0.0058898926
0.0066833496
0.007171631
0.0073547363
0.008239746
0.008850098
0.00970459
0.009918213
0.010284424
0.011138916
0.011199951
0.011199951
0.011169434
0.010467529
0.010650635
0.010284424
0.010070801
0.0107421875
0.010101318
0.009857178
0.009979248
0.009338379
0.009185791
0.009277344
0.009216309
0.009277344
0.009216309
0.009307861
0.008972168
0.008178711
0.007873535
0.008087158
0.0072631836
0.007873535
0.0072021484
0.0065612793
0.0064086914
0.0049438477
0.0045166016
0.0033874512
0.0021972656
0.0015258789
7.9345703E-4
1.2207031E-4
-5.79834E-4
-0.0012512207
-0.0020446777
-0.003479004
-0.004119873
-0.005004883
-0.0065307617
-0.007598877
-0.008636475
-0.010223389
-0.011474609
-0.013641357
-0.015106201
-0.016571045
-0.017944336
-0.018798828
-0.020050049
-0.020874023
-0.02230835
-0.02243042
-0.022918701
-0.02319336
-0.023071289
-0.02319336
-0.02243042
-0.022583008
-0.022216797
-0.020812988
-0.020233154
-0.019500732
-0.018798828
-0.018127441
-0.017364502
-0.01663208
-0.015838623
-0.0152282715
-0.014434814
-0.014709473
-0.015106201
-0.015380859
-0.016021729
-0.017211914
-0.018341064
-0.018981934
-0.019226074
-0.019134521
-0.019744873
-0.019897461
-0.02041626
-0.020507812
-0.020233154
-0.019592285
-0.01852417
-0.017456055
-0.01638794
-0.014770508
-0.013458252
-0.012573242
-0.011230469
-0.009735107
-0.008392334
-0.006866455
-0.005584717
-0.005065918
-0.0041503906
-0.004058838
-0.0035095215
-0.0032958984
-0.0027770996
-0.0026550293
-0.0026245117
-0.0018615723
-0.001953125
-0.001953125
-0.0017089844
-8.8500977E-4
-2.746582E-4
4.8828125E-4
0.0011291504
0.0018615723
0.0026550293
0.0033569336
0.0040893555
0.004760742
0.0055236816
0.0061035156
0.007232666
0.008483887
0.008911133
0.010284424
0.011108398
0.011810303
0.012573242
0.012664795
0.013366699
0.014099121
0.01473999
0.015563965
0.015838623
0.016204834
0.016571045
0.01638794
0.016540527
0.01638794
0.015930176
0.016418457
0.015594482
0.014953613
0.014190674
0.013641357
0.012329102
0.0113220215
0.010253906
0.008666992
0.0079956055
0.0064697266
0.005859375
0.005065918
0.0046081543
0.0046691895
0.004638672
0.004638672
0.0046691895
0.004180908
0.0039367676
0.0034484863
0.0025939941
0.0028076172
0.0024414062
0.001953125
0.0016479492
0.0012817383
7.019043E-4
-6.713867E-4
-5.187988E-4
-0.0012512207
-0.0012512207
-0.001373291
-0.0018615723
-0.002105713
-0.0027160645
-0.002746582
-0.0023498535
-0.0018310547
-0.0016784668
-6.713867E-4
-7.019043E-4
-3.0517578E-5
-3.0517578E-5
6.1035156E-5
-1.5258789E-4
-6.4086914E-4
-8.239746E-4
-0.001373291
-0.0012512207
-0.0012512207
-0.0017089844
-0.0019836426
-0.0024719238
-0.0028076172
-0.0032348633
-0.004211426
-0.004547119
-0.0048828125
-0.0053100586
-0.0053100586
-0.005004883
-0.004119873
-0.0039978027
-0.003479004
-0.0026855469
-0.001953125
-0.0011901855
-5.493164E-4
2.1362305E-4
8.544922E-4
0.0016174316
0.0022888184
0.0032043457
0.003326416
0.003326416
0.0038757324
0.004119873
0.0045166016
0.0040893555
0.0047302246
0.0044555664
0.0038146973
0.0043945312
0.004638672
0.0050354004
0.00579834
0.0064697266
0.007293701
0.008666992
0.009246826
0.0093688965
0.010040283
0.00982666
0.010040283
0.009490967
0.009246826
0.0087890625
0.008514404
0.008117676
0.0072021484
0.006591797
0.0056762695
0.005340576
0.005004883
0.004638672
0.004547119
0.005126953
0.004852295
0.0050354004
0.0054016113
0.00579834
0.0060424805
0.0065307617
0.0066833496
0.007659912
0.007904053
0.008300781
0.008636475
0.009002686
0.009338379
0.009185791
0.009277344
0.009277344
0.0099487305
0.009918213
0.009887695
0.009979248
0.009613037
0.009124756
0.009338379
0.009155273
0.009857178
0.009918213
0.009887695
0.009185791
0.009338379
0.009033203
0.008544922
0.008605957
0.008666992
0.0082092285
0.007873535
0.008026123
0.0073547363
0.007293701
0.006500244
0.0057678223
0.005126953
0.004333496
0.0039978027
0.0037231445
0.0028686523
0.0021972656
0.0013427734
7.9345703E-4
-6.1035156E-5
-5.493164E-4
-7.9345703E-4
-0.0013427734
-0.0024414062
-0.0036010742
-0.0046081543
-0.006011963
-0.00793457
-0.00970459
-0.010986328
-0.012542725
-0.013946533
-0.016052246
-0.017486572
-0.018920898
-0.020324707
-0.02154541
-0.02218628
-0.022979736
-0.023162842
-0.023101807
-0.023132324
-0.022491455
-0.02178955
-0.020935059
-0.02029419
-0.01953125
-0.018951416
-0.017822266
-0.016662598
-0.015991211
-0.015777588
-0.015319824
-0.015075684
-0.015258789
-0.015045166
-0.015380859
-0.015838623
-0.016021729
-0.01687622
-0.017608643
-0.018341064
-0.019012451
-0.019714355
-0.02041626
-0.020446777
-0.02041626
-0.020446777
-0.020446777
-0.020324707
-0.019134521
-0.018157959
-0.017028809
-0.015411377
-0.014099121
-0.013214111
-0.012634277
-0.010955811
-0.00982666
-0.008880615
-0.007659912
-0.0069885254
-0.006164551
-0.005493164
-0.0051879883
-0.0053710938
-0.004638672
-0.0046691895
-0.0038757324
-0.0033874512
-0.003112793
-0.0027160645
-0.002380371
-0.0018615723
-0.0016479492
-7.6293945E-4
-1.8310547E-4
5.79834E-4
0.0012512207
0.0013122559
0.0020446777
0.0027770996
0.003753662
0.0049438477
0.0057678223
0.0074768066
0.008453369
0.009033203
0.010345459
0.011199951
0.01184082
0.0126953125
0.013366699
0.014038086
0.014953613
0.016326904
0.01638794
0.016967773
0.017211914
0.017700195
0.017944336
0.017822266
0.0178833
0.017028809
0.016357422
0.015533447
0.014984131
0.013793945
0.0128479
0.011657715
0.010559082
0.010070801
0.009185791
0.008666992
0.007751465
0.0074157715
0.007019043
0.0065612793
0.006286621
0.00579834
0.006011963
0.0054626465
0.004699707
0.004638672
0.0039978027
0.0039367676
0.002319336
0.0021972656
0.0025024414
0.0018005371
0.001739502
7.6293945E-4
2.746582E-4
-6.4086914E-4
-5.79834E-4
-7.019043E-4
-0.0012512207
-0.0013122559
-0.0012207031
-0.001373291
-9.765625E-4
-5.493164E-4
-7.324219E-4
-1.8310547E-4
6.1035156E-5
4.8828125E-4
7.6293945E-4
5.187988E-4
7.9345703E-4
3.3569336E-4
2.4414062E-4
4.272461E-4
-6.1035156E-5
-2.4414062E-4
-0.001159668
-0.0017089844
-0.0026245117
-0.0026855469
-0.0033569336
-0.004058838
-0.0039367676
-0.0040893555
-0.0037231445
-0.0032653809
-0.003326416
-0.0033569336
-0.0028686523
-0.0026245117
-0.0020446777
-0.0018310547
-0.0012817383
-3.9672852E-4
9.1552734E-4
0.0012817383
0.0014953613
0.0023498535
0.0031433105
0.0033569336
0.0038146973
0.0040893555
0.00390625
0.0034179688
0.0039978027
0.0039978027
0.004119873
0.005004883
0.005279541
0.005584717
0.0064086914
0.0071105957
0.00793457
0.009063721
0.009429932
0.009735107
0.009399414
0.0099487305
0.009918213
0.009857178
0.010009766
0.009429932
0.009246826
0.008728027
0.008575439
0.007965088
0.008026123
0.0077209473
0.0064086914
0.006652832
0.006500244
0.0066223145
0.0065307617
0.006591797
0.0065307617
0.006591797
0.006500244
0.0066223145
0.0064697266
0.00680542
0.0073547363
0.007537842
0.008117676
0.007843018
0.008422852
0.009124756
0.009307861
0.009185791
0.009307861
0.009155273
0.0093688965
0.00894165
0.00881958
0.009307861
0.009246826
0.009185791
0.009796143
0.009399414
0.009185791
0.0099487305
0.009857178
0.009094238
0.009521484
0.009735107
0.009155273
0.009033203
0.008056641
0.0079956055
0.007446289
0.0072631836
0.0073547363
0.007232666
0.0064697266
0.0056152344
0.004272461
0.0040283203
0.0037231445
0.0028686523
0.0026245117
0.0027770996
0.0014953613
6.1035156E-4
-0.0
-7.6293945E-4
-0.0014038086
-0.002166748
-0.0031433105
-0.004760742
-0.0056152344
-0.00680542
-0.008331299
-0.010223389
-0.011871338
-0.013824463
-0.015472412
-0.01751709
-0.018829346
-0.01928711
-0.020446777
-0.02154541
-0.02230835
-0.022521973
-0.022460938
-0.022491455
-0.021881104
-0.02178955
-0.020935059
-0.020324707
-0.019378662
-0.018066406
-0.017913818
-0.017547607
-0.016601562
-0.016448975
-0.01651001
-0.01586914
-0.015808105
-0.015930176
-0.016540527
-0.016540527
-0.017822266
-0.018859863
-0.019836426
-0.021484375
-0.022369385
-0.023010254
-0.023803711
-0.024414062
-0.024536133
-0.025146484
-0.025024414
-0.025146484
-0.024810791
-0.02407837
-0.023345947
-0.02267456
-0.021331787
-0.02041626
-0.019866943
-0.019012451
-0.017730713
-0.017059326
-0.016021729
-0.01473999
-0.014312744
-0.013031006
-0.011993408
-0.011749268
-0.012542725
-0.01260376
-0.01184082
-0.011810303
-0.010894775
-0.009552002
-0.009216309
-0.009246826
-0.009277344
-0.008880615
-0.008026123
-0.0079956055
-0.006652832
-0.005859375
-0.005218506
-0.0043945312
-0.0028381348
-0.0015869141
-0.0010070801
-2.746582E-4
7.6293945E-4
0.0024414062
0.0032043457
0.0045166016
0.0059814453
0.007385254
0.008148193
0.009674072
0.010986328
0.012573242
0.013641357
0.014282227
0.014984131
0.015716553
0.01638794
0.016540527
0.017150879
0.01727295
0.017028809
0.016296387
0.0154418945
0.015167236
0.014831543
0.014099121
0.012908936
0.011871338
0.011230469
0.009918213
0.010650635
0.010406494
0.009857178
0.0099487305
0.009887695
0.009979248
0.009490967
0.008728027
0.008056641
0.00793457
0.0073242188
0.0064697266
0.006652832
0.0063476562
0.0058898926
0.005706787
0.004852295
0.004272461
0.003479004
0.0028381348
0.001953125
0.0013122559
0.0012512207
0.0013427734
0.0012207031
0.0015258789
0.0019836426
0.0018920898
0.0018920898
0.0024108887
0.0028381348
0.0019226074
0.0019836426
0.0018310547
0.0013122559
0.0012207031
0.0014953613
0.0019836426
0.0018920898
0.001953125
0.0015869141
2.746582E-4
-5.79834E-4
-0.0012512207
-0.0018920898
-0.0020141602
-0.0027770996
-0.0025939941
-0.0029296875
-0.0033874512
-0.0032958984
-0.0030212402
-0.0020446777
-0.0014343262
-0.0011901855
-7.9345703E-4
-4.5776367E-4
-9.1552734E-5
2.4414062E-4
6.1035156E-4
9.460449E-4
0.0013122559
0.0016174316
0.0020446777
0.0018310547
0.0026245117
0.0027160645
0.003326416
0.0032958984
0.0034484863
0.004119873
0.0040283203
0.005432129
0.006225586
0.0075683594
0.008453369
0.009735107
0.010528564
0.011291504
0.011779785
0.012054443
0.012573242
0.0128479
0.013244629
0.013580322
0.013977051
0.013824463
0.013916016
0.013336182
0.013153076
0.012664795
0.012420654
0.011810303
0.011810303
0.011932373
0.011474609
0.011138916
0.011230469
0.011169434
0.011749268
0.011932373
0.013214111
0.013336182
0.0140686035
0.01461792
0.014404297
0.014892578
0.015197754
0.015533447
0.016448975
0.016448975
0.01651001
0.017150879
0.016448975
0.01651001
0.016448975
0.016662598
0.01763916
0.017913818
0.0178833
0.0178833
0.017913818
0.017852783
0.018554688
0.019165039
0.019256592
0.019897461
0.019714355
0.019927979
0.019378662
0.019470215
0.019989014
0.019195557
0.019195557
0.018493652
0.0178833
0.017791748
0.017089844
0.017333984
0.016845703
0.016448975
0.016174316
0.015319824
0.0146484375
0.014465332
0.013977051
0.013793945
0.013183594
0.012420654
0.011505127
0.009979248
0.008636475
0.0071105957
0.0056762695
0.004333496
0.0022583008
6.4086914E-4
-0.0012817383
-0.0043640137
-0.0061035156
-0.007965088
-0.009674072
-0.0115356445
-0.013397217
-0.014709473
-0.015716553
-0.016357422
-0.01651001
-0.016479492
-0.017181396
-0.016357422
-0.016601562
-0.016204834
-0.015838623
-0.015533447
-0.015045166
-0.015258789
-0.015075684
-0.0152282715
-0.015075684
-0.015289307
-0.015808105
-0.01687622
-0.018096924
-0.019012451
-0.020446777
-0.021972656
-0.022949219
-0.024047852
-0.025604248
-0.026428223
-0.027191162
-0.027770996
-0.027740479
-0.027801514
-0.027557373
-0.026977539
-0.027282715
-0.026641846
-0.026519775
-0.025878906
-0.025115967
-0.024414062
-0.023071289
-0.022247314
-0.020812988
-0.02029419
-0.01940918
-0.019165039
-0.018859863
-0.017974854
-0.0178833
-0.017333984
-0.016479492
-0.015838623
-0.015838623
-0.015838623
-0.015716553
-0.014801025
-0.014526367
-0.014221191
-0.013397217
-0.012786865
-0.0119018555
-0.01184082
-0.011169434
-0.010467529
-0.009765625
-0.009063721
-0.008331299
-0.0076904297
-0.0068359375
-0.0061950684
-0.0049438477
-0.0040893555
-0.0028381348
-0.0012512207
1.8310547E-4
0.0022277832
0.003692627
0.0050964355
0.006591797
0.0077819824
0.008270264
0.009552002
0.010498047
0.011108398
0.011230469
0.010467529
0.010650635
0.010314941
0.0099487305
0.009643555
0.009185791
0.008972168
0.008026123
0.0079956055
0.007446289
0.0065612793
0.0065612793
0.0057678223
0.005279541
0.005218506
0.0055236816
0.0059814453
0.00592041
0.005584717
0.0047302246
0.004119873
0.0039367676
0.0033874512
0.002532959
0.0018615723
0.0010070801
6.713867E-4
3.9672852E-4
-3.6621094E-4
-0.0010681152
-0.0017089844
-0.0030517578
-0.0040283203
-0.003967285
-0.0040283203
-0.0039367676
-0.004058838
-0.0037841797
-0.0032348633
-0.0033874512
-0.0032653809
-0.0034179688
-0.0028076172
-0.0026550293
-0.0026855469
-0.0019226074
-0.001953125
-0.0018920898
-0.001953125
-0.0018615723
-0.0022277832
-0.003112793
-0.0037231445
-0.0045166016
-0.0051574707
-0.00592041
-0.006500244
-0.006652832
-0.007385254
-0.007293701
-0.0073547363
-0.0072631836
-0.0074157715
-0.00680542
-0.0065307617
-0.0061035156
-0.005279541
-0.005279541
-0.005279541
-0.0051879883
-0.004547119
-0.0047302246
-0.0043945312
-0.0035705566
-0.0032653809
-0.0033569336
-0.003326416
-0.0028076172
-0.0025939941
-0.0027770996
-0.002532959
-0.0018310547
-8.8500977E-4
5.187988E-4
0.0020141602
0.0031738281
0.003692627
0.005004883
0.005859375
0.006500244
0.0073547363
0.008026123
0.008728027
0.009460449
0.010040283
0.009765625
0.010345459
0.010223389
0.009796143
0.010009766
0.00982666
0.010009766
0.010467529
0.009918213
0.009918213
0.009918213
0.009887695
0.0099487305
0.009857178
0.010314941
0.011138916
0.011199951
0.011932373
0.011962891
0.012023926
0.0126953125
0.012542725
0.012634277
0.012786865
0.013793945
0.013458252
0.013153076
0.013793945
0.013946533
0.013824463
0.014007568
0.014526367
0.014678955
0.015289307
0.015075684
0.01550293
0.016326904
0.01651001
0.016998291
0.017913818
0.017791748
0.018005371
0.018493652
0.018585205
0.0184021
0.01889038
0.01889038
0.0184021
0.018615723
0.017974854
0.017822266
0.017303467
0.017089844
0.01651001
0.01638794
0.016723633
0.01727295
0.017181396
0.017211914
0.017242432
0.016662598
0.01638794
0.016540527
0.01574707
0.015960693
0.01550293
0.014312744
0.013427734
0.011962891
0.010070801
0.008331299
0.006958008
0.0049743652
0.0027770996
6.4086914E-4
-0.0015563965
-0.0036315918
-0.0059814453
-0.0077209473
-0.0095825195
-0.010986328
-0.012023926
-0.013214111
-0.013671875
-0.014526367
-0.014526367
-0.015197754
-0.015136719
-0.015106201
-0.014190674
-0.0138549805
-0.0138549805
-0.013916016
-0.013793945
-0.014404297
-0.014526367
-0.014556885
-0.015106201
-0.015350342
-0.016662598
-0.017547607
-0.019073486
-0.02041626
-0.021881104
-0.0234375
-0.02432251
-0.024993896
-0.025115967
-0.025726318
-0.02658081
-0.027191162
-0.027069092
-0.02722168
-0.026794434
-0.02645874
-0.02609253
-0.025146484
-0.02508545
-0.02508545
-0.02444458
-0.023773193
-0.023742676
-0.022888184
-0.022369385
-0.021240234
-0.019989014
-0.019470215
-0.018615723
-0.018554688
-0.017974854
-0.017242432
-0.017120361
-0.015716553
-0.015960693
-0.015533447
-0.015197754
-0.014831543
-0.01449585
-0.014190674
-0.013336182
-0.0126953125
-0.012573242
-0.01260376
-0.011932373
-0.0119018555
-0.010925293
-0.010406494
-0.009277344
-0.008148193
-0.007659912
-0.006286621
-0.004852295
-0.0034484863
-0.0019226074
-5.187988E-4
8.544922E-4
0.002319336
0.0037841797
0.005218506
0.0066223145
0.0082092285
0.009063721
0.009796143
0.010467529
0.010620117
0.010498047
0.010650635
0.010345459
0.009918213
0.009674072
0.009124756
0.0093688965
0.0087890625
0.008575439
0.008148193
0.0072631836
0.006652832
0.006439209
0.00592041
0.0058898926
0.0059509277
0.005859375
0.006011963
0.0054626465
0.005218506
0.0053100586
0.0047302246
0.0039367676
0.0033569336
0.0032043457
0.0026550293
0.0025634766
0.0013122559
1.8310547E-4
-0.0
-3.6621094E-4
-0.0012512207
-0.0017700195
-0.0027770996
-0.0032043457
-0.0035705566
-0.0037841797
-0.0033569336
-0.0030212402
-0.0027160645
-0.0022277832
-0.0018615723
-0.0014648438
-0.0012207031
-0.0013122559
-0.0012817383
-0.0012207031
-0.0014648438
-0.0019226074
-0.0021972656
-0.002746582
-0.0029296875
-0.0038452148
-0.0044555664
-0.004699707
-0.005126953
-0.0054016113
-0.005859375
-0.0059814453
-0.005859375
-0.0059814453
-0.0058288574
-0.0060424805
-0.0054626465
-0.005279541
-0.004760742
-0.0046081543
-0.004638672
-0.004638672
-0.0046081543
-0.0047912598
-0.005340576
-0.0052490234
-0.005279541
-0.0053100586
-0.00491333
-0.0040893555
-0.0034484863
-0.0026550293
-0.0026855469
-0.001739502
-0.0013427734
-9.460449E-4
3.9672852E-4
8.239746E-4
0.0021362305
0.0032043457
0.003753662
0.0050964355
0.0058898926
0.006591797
0.0074157715
0.008087158
0.0087890625
0.009521484
0.010040283
0.009765625
0.010437012
0.010101318
0.010314941
0.01071167
0.010437012
0.0107421875
0.011077881
0.010528564
0.010559082
0.010528564
0.01083374
0.011383057
0.010681152
0.010528564
0.011077881
0.011291504
0.011871338
0.012054443
0.011810303
0.012268066
0.012542725
0.012939453
0.013305664
0.013244629
0.013183594
0.013793945
0.013885498
0.013946533
0.014465332
0.013916016
0.014678955
0.014373779
0.014892578
0.015136719
0.015594482
0.015899658
0.01626587
0.017242432
0.017150879
0.017333984
0.017822266
0.017028809
0.017547607
0.017669678
0.017059326
0.017303467
0.017120361
0.017303467
